5 9 13 15 11 18 14 20 1 2 19 16 8 17 12 6 7 4 3 10 
5 9 13 11 15 18 14 20 1 2 19 16 8 17 12 6 7 4 3 10 
5 9 13 11 15 14 18 20 1 2 19 16 8 17 12 6 7 4 3 10 
5 9 13 11 15 14 18 1 20 2 19 16 8 17 12 6 7 4 3 10 
5 9 13 11 15 14 18 1 2 20 19 16 8 17 12 6 7 4 3 10 
5 9 13 11 15 14 18 1 2 19 20 16 8 17 12 6 7 4 3 10 
5 9 13 11 15 14 18 1 2 19 16 20 8 17 12 6 7 4 3 10 
5 9 13 11 15 14 18 1 2 19 16 8 20 17 12 6 7 4 3 10 
5 9 13 11 15 14 18 1 2 19 16 8 17 20 12 6 7 4 3 10 
5 9 13 11 15 14 18 1 2 19 16 8 17 12 20 6 7 4 3 10 
5 9 13 11 15 14 18 1 2 19 16 8 17 12 6 20 7 4 3 10 
5 9 13 11 15 14 18 1 2 19 16 8 17 12 6 7 20 4 3 10 
5 9 13 11 15 14 18 1 2 19 16 8 17 12 6 7 4 20 3 10 
5 9 13 11 15 14 18 1 2 19 16 8 17 12 6 7 4 3 20 10 
5 9 13 11 15 14 18 1 2 19 16 8 17 12 6 7 4 3 10 20 
5 9 11 13 15 14 18 1 2 19 16 8 17 12 6 7 4 3 10 20 
5 9 11 13 14 15 18 1 2 19 16 8 17 12 6 7 4 3 10 20 
5 9 11 13 14 15 1 18 2 19 16 8 17 12 6 7 4 3 10 20 
5 9 11 13 14 15 1 2 18 19 16 8 17 12 6 7 4 3 10 20 
5 9 11 13 14 15 1 2 18 16 19 8 17 12 6 7 4 3 10 20 
5 9 11 13 14 15 1 2 18 16 8 19 17 12 6 7 4 3 10 20 
5 9 11 13 14 15 1 2 18 16 8 17 19 12 6 7 4 3 10 20 
5 9 11 13 14 15 1 2 18 16 8 17 12 19 6 7 4 3 10 20 
5 9 11 13 14 15 1 2 18 16 8 17 12 6 19 7 4 3 10 20 
5 9 11 13 14 15 1 2 18 16 8 17 12 6 7 19 4 3 10 20 
5 9 11 13 14 15 1 2 18 16 8 17 12 6 7 4 19 3 10 20 
5 9 11 13 14 15 1 2 18 16 8 17 12 6 7 4 3 19 10 20 
5 9 11 13 14 15 1 2 18 16 8 17 12 6 7 4 3 10 19 20 
5 9 11 13 14 1 15 2 18 16 8 17 12 6 7 4 3 10 19 20 
5 9 11 13 14 1 2 15 18 16 8 17 12 6 7 4 3 10 19 20 
5 9 11 13 14 1 2 15 16 18 8 17 12 6 7 4 3 10 19 20 
5 9 11 13 14 1 2 15 16 8 18 17 12 6 7 4 3 10 19 20 
5 9 11 13 14 1 2 15 16 8 17 18 12 6 7 4 3 10 19 20 
5 9 11 13 14 1 2 15 16 8 17 12 18 6 7 4 3 10 19 20 
5 9 11 13 14 1 2 15 16 8 17 12 6 18 7 4 3 10 19 20 
5 9 11 13 14 1 2 15 16 8 17 12 6 7 18 4 3 10 19 20 
5 9 11 13 14 1 2 15 16 8 17 12 6 7 4 18 3 10 19 20 
5 9 11 13 14 1 2 15 16 8 17 12 6 7 4 3 18 10 19 20 
5 9 11 13 14 1 2 15 16 8 17 12 6 7 4 3 10 18 19 20 
5 9 11 13 1 14 2 15 16 8 17 12 6 7 4 3 10 18 19 20 
5 9 11 13 1 2 14 15 16 8 17 12 6 7 4 3 10 18 19 20 
5 9 11 13 1 2 14 15 8 16 17 12 6 7 4 3 10 18 19 20 
5 9 11 13 1 2 14 15 8 16 12 17 6 7 4 3 10 18 19 20 
5 9 11 13 1 2 14 15 8 16 12 6 17 7 4 3 10 18 19 20 
5 9 11 13 1 2 14 15 8 16 12 6 7 17 4 3 10 18 19 20 
5 9 11 13 1 2 14 15 8 16 12 6 7 4 17 3 10 18 19 20 
5 9 11 13 1 2 14 15 8 16 12 6 7 4 3 17 10 18 19 20 
5 9 11 13 1 2 14 15 8 16 12 6 7 4 3 10 17 18 19 20 
5 9 11 1 13 2 14 15 8 16 12 6 7 4 3 10 17 18 19 20 
5 9 11 1 2 13 14 15 8 16 12 6 7 4 3 10 17 18 19 20 
5 9 11 1 2 13 14 8 15 16 12 6 7 4 3 10 17 18 19 20 
5 9 11 1 2 13 14 8 15 12 16 6 7 4 3 10 17 18 19 20 
5 9 11 1 2 13 14 8 15 12 6 16 7 4 3 10 17 18 19 20 
5 9 11 1 2 13 14 8 15 12 6 7 16 4 3 10 17 18 19 20 
5 9 11 1 2 13 14 8 15 12 6 7 4 16 3 10 17 18 19 20 
5 9 11 1 2 13 14 8 15 12 6 7 4 3 16 10 17 18 19 20 
5 9 11 1 2 13 14 8 15 12 6 7 4 3 10 16 17 18 19 20 
5 9 1 11 2 13 14 8 15 12 6 7 4 3 10 16 17 18 19 20 
5 9 1 2 11 13 14 8 15 12 6 7 4 3 10 16 17 18 19 20 
5 9 1 2 11 13 8 14 15 12 6 7 4 3 10 16 17 18 19 20 
5 9 1 2 11 13 8 14 12 15 6 7 4 3 10 16 17 18 19 20 
5 9 1 2 11 13 8 14 12 6 15 7 4 3 10 16 17 18 19 20 
5 9 1 2 11 13 8 14 12 6 7 15 4 3 10 16 17 18 19 20 
5 9 1 2 11 13 8 14 12 6 7 4 15 3 10 16 17 18 19 20 
5 9 1 2 11 13 8 14 12 6 7 4 3 15 10 16 17 18 19 20 
5 9 1 2 11 13 8 14 12 6 7 4 3 10 15 16 17 18 19 20 
5 1 9 2 11 13 8 14 12 6 7 4 3 10 15 16 17 18 19 20 
5 1 2 9 11 13 8 14 12 6 7 4 3 10 15 16 17 18 19 20 
5 1 2 9 11 8 13 14 12 6 7 4 3 10 15 16 17 18 19 20 
5 1 2 9 11 8 13 12 14 6 7 4 3 10 15 16 17 18 19 20 
5 1 2 9 11 8 13 12 6 14 7 4 3 10 15 16 17 18 19 20 
5 1 2 9 11 8 13 12 6 7 14 4 3 10 15 16 17 18 19 20 
5 1 2 9 11 8 13 12 6 7 4 14 3 10 15 16 17 18 19 20 
5 1 2 9 11 8 13 12 6 7 4 3 14 10 15 16 17 18 19 20 
5 1 2 9 11 8 13 12 6 7 4 3 10 14 15 16 17 18 19 20 
1 5 2 9 11 8 13 12 6 7 4 3 10 14 15 16 17 18 19 20 
1 2 5 9 11 8 13 12 6 7 4 3 10 14 15 16 17 18 19 20 
1 2 5 9 8 11 13 12 6 7 4 3 10 14 15 16 17 18 19 20 
1 2 5 9 8 11 12 13 6 7 4 3 10 14 15 16 17 18 19 20 
1 2 5 9 8 11 12 6 13 7 4 3 10 14 15 16 17 18 19 20 
1 2 5 9 8 11 12 6 7 13 4 3 10 14 15 16 17 18 19 20 
1 2 5 9 8 11 12 6 7 4 13 3 10 14 15 16 17 18 19 20 
1 2 5 9 8 11 12 6 7 4 3 13 10 14 15 16 17 18 19 20 
1 2 5 9 8 11 12 6 7 4 3 10 13 14 15 16 17 18 19 20 
1 2 5 8 9 11 12 6 7 4 3 10 13 14 15 16 17 18 19 20 
1 2 5 8 9 11 6 12 7 4 3 10 13 14 15 16 17 18 19 20 
1 2 5 8 9 11 6 7 12 4 3 10 13 14 15 16 17 18 19 20 
1 2 5 8 9 11 6 7 4 12 3 10 13 14 15 16 17 18 19 20 
1 2 5 8 9 11 6 7 4 3 12 10 13 14 15 16 17 18 19 20 
1 2 5 8 9 11 6 7 4 3 10 12 13 14 15 16 17 18 19 20 
1 2 5 8 9 6 11 7 4 3 10 12 13 14 15 16 17 18 19 20 
1 2 5 8 9 6 7 11 4 3 10 12 13 14 15 16 17 18 19 20 
1 2 5 8 9 6 7 4 11 3 10 12 13 14 15 16 17 18 19 20 
1 2 5 8 9 6 7 4 3 11 10 12 13 14 15 16 17 18 19 20 
1 2 5 8 9 6 7 4 3 10 11 12 13 14 15 16 17 18 19 20 
1 2 5 8 6 9 7 4 3 10 11 12 13 14 15 16 17 18 19 20 
1 2 5 8 6 7 9 4 3 10 11 12 13 14 15 16 17 18 19 20 
1 2 5 8 6 7 4 9 3 10 11 12 13 14 15 16 17 18 19 20 
1 2 5 8 6 7 4 3 9 10 11 12 13 14 15 16 17 18 19 20 
1 2 5 6 8 7 4 3 9 10 11 12 13 14 15 16 17 18 19 20 
1 2 5 6 7 8 4 3 9 10 11 12 13 14 15 16 17 18 19 20 
1 2 5 6 7 4 8 3 9 10 11 12 13 14 15 16 17 18 19 20 
1 2 5 6 7 4 3 8 9 10 11 12 13 14 15 16 17 18 19 20 
1 2 5 6 4 7 3 8 9 10 11 12 13 14 15 16 17 18 19 20 
1 2 5 6 4 3 7 8 9 10 11 12 13 14 15 16 17 18 19 20 
1 2 5 4 6 3 7 8 9 10 11 12 13 14 15 16 17 18 19 20 
1 2 5 4 3 6 7 8 9 10 11 12 13 14 15 16 17 18 19 20 
1 2 4 5 3 6 7 8 9 10 11 12 13 14 15 16 17 18 19 20 
1 2 4 3 5 6 7 8 9 10 11 12 13 14 15 16 17 18 19 20 
1 2 3 4 5 6 7 8 9 10 11 12 13 14 15 16 17 18 19 20 
