50 83 77 13 90 28 30 68 7 48 17 63 31 86 19 20 88 8 3 26 42 98 79 84 78 62 41 70 35 60 96 22 99 10 64 51 46 93 27 72 4 16 11 74 61 25 34 6 100 57 43 58 1 47 49 9 65 76 92 21 12 32 15 89 5 85 75 37 53 38 66 29 55 73 94 87 24 45 23 39 33 95 97 59 44 91 2 81 36 71 40 52 18 56 80 14 54 67 82 69 
50 54 77 13 90 28 30 68 7 48 17 63 31 86 19 20 88 8 3 26 42 98 79 84 78 62 41 70 35 60 96 22 99 10 64 51 46 93 27 72 4 16 11 74 61 25 34 6 100 57 43 58 1 47 49 9 65 76 92 21 12 32 15 89 5 85 75 37 53 38 66 29 55 73 94 87 24 45 23 39 33 95 97 59 44 91 2 81 36 71 40 52 18 56 80 14 83 67 82 69 
50 54 14 13 90 28 30 68 7 48 17 63 31 86 19 20 88 8 3 26 42 98 79 84 78 62 41 70 35 60 96 22 99 10 64 51 46 93 27 72 4 16 11 74 61 25 34 6 100 57 43 58 1 47 49 9 65 76 92 21 12 32 15 89 5 85 75 37 53 38 66 29 55 73 94 87 24 45 23 39 33 95 97 59 44 91 2 81 36 71 40 52 18 56 80 77 83 67 82 69 
50 54 14 13 56 28 30 68 7 48 17 63 31 86 19 20 88 8 3 26 42 98 79 84 78 62 41 70 35 60 96 22 99 10 64 51 46 93 27 72 4 16 11 74 61 25 34 6 100 57 43 58 1 47 49 9 65 76 92 21 12 32 15 89 5 85 75 37 53 38 66 29 55 73 94 87 24 45 23 39 33 95 97 59 44 91 2 81 36 71 40 52 18 90 80 77 83 67 82 69 
50 54 14 13 56 28 30 18 7 48 17 63 31 86 19 20 88 8 3 26 42 98 79 84 78 62 41 70 35 60 96 22 99 10 64 51 46 93 27 72 4 16 11 74 61 25 34 6 100 57 43 58 1 47 49 9 65 76 92 21 12 32 15 89 5 85 75 37 53 38 66 29 55 73 94 87 24 45 23 39 33 95 97 59 44 91 2 81 36 71 40 52 68 90 80 77 83 67 82 69 
50 54 14 13 56 28 30 18 7 48 17 52 31 86 19 20 88 8 3 26 42 98 79 84 78 62 41 70 35 60 96 22 99 10 64 51 46 93 27 72 4 16 11 74 61 25 34 6 100 57 43 58 1 47 49 9 65 76 92 21 12 32 15 89 5 85 75 37 53 38 66 29 55 73 94 87 24 45 23 39 33 95 97 59 44 91 2 81 36 71 40 63 68 90 80 77 83 67 82 69 
50 54 14 13 56 28 30 18 7 48 17 52 31 40 19 20 88 8 3 26 42 98 79 84 78 62 41 70 35 60 96 22 99 10 64 51 46 93 27 72 4 16 11 74 61 25 34 6 100 57 43 58 1 47 49 9 65 76 92 21 12 32 15 89 5 85 75 37 53 38 66 29 55 73 94 87 24 45 23 39 33 95 97 59 44 91 2 81 36 71 86 63 68 90 80 77 83 67 82 69 
50 54 14 13 56 28 30 18 7 48 17 52 31 40 19 20 36 8 3 26 42 98 79 84 78 62 41 70 35 60 96 22 99 10 64 51 46 93 27 72 4 16 11 74 61 25 34 6 100 57 43 58 1 47 49 9 65 76 92 21 12 32 15 89 5 85 75 37 53 38 66 29 55 73 94 87 24 45 23 39 33 95 97 59 44 91 2 81 88 71 86 63 68 90 80 77 83 67 82 69 
50 54 14 13 56 28 30 18 7 48 17 52 31 40 19 20 36 8 3 26 42 2 79 84 78 62 41 70 35 60 96 22 99 10 64 51 46 93 27 72 4 16 11 74 61 25 34 6 100 57 43 58 1 47 49 9 65 76 92 21 12 32 15 89 5 85 75 37 53 38 66 29 55 73 94 87 24 45 23 39 33 95 97 59 44 91 98 81 88 71 86 63 68 90 80 77 83 67 82 69 
50 54 14 13 56 28 30 18 7 48 17 52 31 40 19 20 36 8 3 26 42 2 44 84 78 62 41 70 35 60 96 22 99 10 64 51 46 93 27 72 4 16 11 74 61 25 34 6 100 57 43 58 1 47 49 9 65 76 92 21 12 32 15 89 5 85 75 37 53 38 66 29 55 73 94 87 24 45 23 39 33 95 97 59 79 91 98 81 88 71 86 63 68 90 80 77 83 67 82 69 
50 54 14 13 56 28 30 18 7 48 17 52 31 40 19 20 36 8 3 26 42 2 44 33 78 62 41 70 35 60 96 22 99 10 64 51 46 93 27 72 4 16 11 74 61 25 34 6 100 57 43 58 1 47 49 9 65 76 92 21 12 32 15 89 5 85 75 37 53 38 66 29 55 73 94 87 24 45 23 39 84 95 97 59 79 91 98 81 88 71 86 63 68 90 80 77 83 67 82 69 
50 54 14 13 56 28 30 18 7 48 17 52 31 40 19 20 36 8 3 26 42 2 44 33 39 62 41 70 35 60 96 22 99 10 64 51 46 93 27 72 4 16 11 74 61 25 34 6 100 57 43 58 1 47 49 9 65 76 92 21 12 32 15 89 5 85 75 37 53 38 66 29 55 73 94 87 24 45 23 78 84 95 97 59 79 91 98 81 88 71 86 63 68 90 80 77 83 67 82 69 
50 54 14 13 56 28 30 18 7 48 17 52 31 40 19 20 36 8 3 26 42 2 44 33 39 23 41 70 35 60 96 22 99 10 64 51 46 93 27 72 4 16 11 74 61 25 34 6 100 57 43 58 1 47 49 9 65 76 92 21 12 32 15 89 5 85 75 37 53 38 66 29 55 73 94 87 24 45 62 78 84 95 97 59 79 91 98 81 88 71 86 63 68 90 80 77 83 67 82 69 
50 54 14 13 56 28 30 18 7 48 17 52 31 40 19 20 36 8 3 26 42 2 44 33 39 23 41 45 35 60 96 22 99 10 64 51 46 93 27 72 4 16 11 74 61 25 34 6 100 57 43 58 1 47 49 9 65 76 92 21 12 32 15 89 5 85 75 37 53 38 66 29 55 73 94 87 24 70 62 78 84 95 97 59 79 91 98 81 88 71 86 63 68 90 80 77 83 67 82 69 
50 54 14 13 56 28 30 18 7 48 17 52 31 40 19 20 36 8 3 26 42 2 44 33 39 23 41 45 35 24 96 22 99 10 64 51 46 93 27 72 4 16 11 74 61 25 34 6 100 57 43 58 1 47 49 9 65 76 92 21 12 32 15 89 5 85 75 37 53 38 66 29 55 73 94 87 60 70 62 78 84 95 97 59 79 91 98 81 88 71 86 63 68 90 80 77 83 67 82 69 
50 54 14 13 56 28 30 18 7 48 17 52 31 40 19 20 36 8 3 26 42 2 44 33 39 23 41 45 35 24 55 22 99 10 64 51 46 93 27 72 4 16 11 74 61 25 34 6 100 57 43 58 1 47 49 9 65 76 92 21 12 32 15 89 5 85 75 37 53 38 66 29 96 73 94 87 60 70 62 78 84 95 97 59 79 91 98 81 88 71 86 63 68 90 80 77 83 67 82 69 
50 54 14 13 56 28 30 18 7 48 17 52 31 40 19 20 36 8 3 26 42 2 44 33 39 23 41 45 35 24 55 22 29 10 64 51 46 93 27 72 4 16 11 74 61 25 34 6 100 57 43 58 1 47 49 9 65 76 92 21 12 32 15 89 5 85 75 37 53 38 66 99 96 73 94 87 60 70 62 78 84 95 97 59 79 91 98 81 88 71 86 63 68 90 80 77 83 67 82 69 
50 54 14 13 56 28 30 18 7 48 17 52 31 40 19 20 36 8 3 26 42 2 44 33 39 23 41 45 35 24 55 22 29 10 38 51 46 93 27 72 4 16 11 74 61 25 34 6 100 57 43 58 1 47 49 9 65 76 92 21 12 32 15 89 5 85 75 37 53 64 66 99 96 73 94 87 60 70 62 78 84 95 97 59 79 91 98 81 88 71 86 63 68 90 80 77 83 67 82 69 
50 54 14 13 56 28 30 18 7 48 17 52 31 40 19 20 36 8 3 26 42 2 44 33 39 23 41 45 35 24 55 22 29 10 38 51 46 53 27 72 4 16 11 74 61 25 34 6 100 57 43 58 1 47 49 9 65 76 92 21 12 32 15 89 5 85 75 37 93 64 66 99 96 73 94 87 60 70 62 78 84 95 97 59 79 91 98 81 88 71 86 63 68 90 80 77 83 67 82 69 
50 54 14 13 56 28 30 18 7 48 17 52 31 40 19 20 36 8 3 26 42 2 44 33 39 23 41 45 35 24 55 22 29 10 38 51 46 53 27 37 4 16 11 74 61 25 34 6 100 57 43 58 1 47 49 9 65 76 92 21 12 32 15 89 5 85 75 72 93 64 66 99 96 73 94 87 60 70 62 78 84 95 97 59 79 91 98 81 88 71 86 63 68 90 80 77 83 67 82 69 
50 54 14 13 56 28 30 18 7 48 17 52 31 40 19 20 36 8 3 26 42 2 44 33 39 23 41 45 35 24 55 22 29 10 38 51 46 53 27 37 4 16 11 5 61 25 34 6 100 57 43 58 1 47 49 9 65 76 92 21 12 32 15 89 74 85 75 72 93 64 66 99 96 73 94 87 60 70 62 78 84 95 97 59 79 91 98 81 88 71 86 63 68 90 80 77 83 67 82 69 
50 54 14 13 56 28 30 18 7 48 17 52 31 40 19 20 36 8 3 26 42 2 44 33 39 23 41 45 35 24 55 22 29 10 38 51 46 53 27 37 4 16 11 5 15 25 34 6 100 57 43 58 1 47 49 9 65 76 92 21 12 32 61 89 74 85 75 72 93 64 66 99 96 73 94 87 60 70 62 78 84 95 97 59 79 91 98 81 88 71 86 63 68 90 80 77 83 67 82 69 
50 54 14 13 56 28 30 18 7 48 17 52 31 40 19 20 36 8 3 26 42 2 44 33 39 23 41 45 35 24 55 22 29 10 38 51 46 53 27 37 4 16 11 5 15 25 34 6 32 57 43 58 1 47 49 9 65 76 92 21 12 100 61 89 74 85 75 72 93 64 66 99 96 73 94 87 60 70 62 78 84 95 97 59 79 91 98 81 88 71 86 63 68 90 80 77 83 67 82 69 
50 54 14 13 56 28 30 18 7 48 17 52 31 40 19 20 36 8 3 26 42 2 44 33 39 23 41 45 35 24 55 22 29 10 38 51 46 53 27 37 4 16 11 5 15 25 34 6 32 12 43 58 1 47 49 9 65 76 92 21 57 100 61 89 74 85 75 72 93 64 66 99 96 73 94 87 60 70 62 78 84 95 97 59 79 91 98 81 88 71 86 63 68 90 80 77 83 67 82 69 
50 54 14 13 56 28 30 18 7 48 17 52 31 40 19 20 36 8 3 26 42 2 44 33 39 23 41 45 35 24 55 22 29 10 38 51 46 53 27 37 4 16 11 5 15 25 34 6 32 12 43 21 1 47 49 9 65 76 92 58 57 100 61 89 74 85 75 72 93 64 66 99 96 73 94 87 60 70 62 78 84 95 97 59 79 91 98 81 88 71 86 63 68 90 80 77 83 67 82 69 
9 54 14 13 56 28 30 18 7 48 17 52 31 40 19 20 36 8 3 26 42 2 44 33 39 23 41 45 35 24 55 22 29 10 38 51 46 53 27 37 4 16 11 5 15 25 34 6 32 12 43 21 1 47 49 50 65 76 92 58 57 100 61 89 74 85 75 72 93 64 66 99 96 73 94 87 60 70 62 78 84 95 97 59 79 91 98 81 88 71 86 63 68 90 80 77 83 67 82 69 
9 1 14 13 56 28 30 18 7 48 17 52 31 40 19 20 36 8 3 26 42 2 44 33 39 23 41 45 35 24 55 22 29 10 38 51 46 53 27 37 4 16 11 5 15 25 34 6 32 12 43 21 54 47 49 50 65 76 92 58 57 100 61 89 74 85 75 72 93 64 66 99 96 73 94 87 60 70 62 78 84 95 97 59 79 91 98 81 88 71 86 63 68 90 80 77 83 67 82 69 
9 1 14 13 21 28 30 18 7 48 17 52 31 40 19 20 36 8 3 26 42 2 44 33 39 23 41 45 35 24 55 22 29 10 38 51 46 53 27 37 4 16 11 5 15 25 34 6 32 12 43 56 54 47 49 50 65 76 92 58 57 100 61 89 74 85 75 72 93 64 66 99 96 73 94 87 60 70 62 78 84 95 97 59 79 91 98 81 88 71 86 63 68 90 80 77 83 67 82 69 
9 1 14 13 21 28 30 18 7 43 17 52 31 40 19 20 36 8 3 26 42 2 44 33 39 23 41 45 35 24 55 22 29 10 38 51 46 53 27 37 4 16 11 5 15 25 34 6 32 12 48 56 54 47 49 50 65 76 92 58 57 100 61 89 74 85 75 72 93 64 66 99 96 73 94 87 60 70 62 78 84 95 97 59 79 91 98 81 88 71 86 63 68 90 80 77 83 67 82 69 
9 1 14 13 21 28 30 18 7 43 17 12 31 40 19 20 36 8 3 26 42 2 44 33 39 23 41 45 35 24 55 22 29 10 38 51 46 53 27 37 4 16 11 5 15 25 34 6 32 52 48 56 54 47 49 50 65 76 92 58 57 100 61 89 74 85 75 72 93 64 66 99 96 73 94 87 60 70 62 78 84 95 97 59 79 91 98 81 88 71 86 63 68 90 80 77 83 67 82 69 
9 1 14 13 21 28 30 18 7 43 17 12 31 40 19 20 36 8 3 26 42 2 44 33 39 23 41 32 35 24 55 22 29 10 38 51 46 53 27 37 4 16 11 5 15 25 34 6 45 52 48 56 54 47 49 50 65 76 92 58 57 100 61 89 74 85 75 72 93 64 66 99 96 73 94 87 60 70 62 78 84 95 97 59 79 91 98 81 88 71 86 63 68 90 80 77 83 67 82 69 
9 1 14 13 21 28 30 18 7 43 17 12 31 40 19 20 36 8 3 26 42 2 44 33 39 23 41 32 35 24 6 22 29 10 38 51 46 53 27 37 4 16 11 5 15 25 34 55 45 52 48 56 54 47 49 50 65 76 92 58 57 100 61 89 74 85 75 72 93 64 66 99 96 73 94 87 60 70 62 78 84 95 97 59 79 91 98 81 88 71 86 63 68 90 80 77 83 67 82 69 
9 1 14 13 21 28 30 18 7 43 17 12 31 40 19 20 36 8 3 26 42 2 44 33 39 23 41 32 35 24 6 22 29 10 38 34 46 53 27 37 4 16 11 5 15 25 51 55 45 52 48 56 54 47 49 50 65 76 92 58 57 100 61 89 74 85 75 72 93 64 66 99 96 73 94 87 60 70 62 78 84 95 97 59 79 91 98 81 88 71 86 63 68 90 80 77 83 67 82 69 
9 1 14 13 21 28 30 18 7 43 17 12 31 40 19 20 36 8 3 26 42 2 44 33 39 23 41 32 35 24 6 22 29 10 38 34 25 53 27 37 4 16 11 5 15 46 51 55 45 52 48 56 54 47 49 50 65 76 92 58 57 100 61 89 74 85 75 72 93 64 66 99 96 73 94 87 60 70 62 78 84 95 97 59 79 91 98 81 88 71 86 63 68 90 80 77 83 67 82 69 
9 1 14 13 21 28 30 18 7 43 17 12 31 40 19 20 36 8 3 26 42 2 44 33 39 23 41 32 35 24 6 22 29 10 38 34 25 15 27 37 4 16 11 5 53 46 51 55 45 52 48 56 54 47 49 50 65 76 92 58 57 100 61 89 74 85 75 72 93 64 66 99 96 73 94 87 60 70 62 78 84 95 97 59 79 91 98 81 88 71 86 63 68 90 80 77 83 67 82 69 
2 1 14 13 21 28 30 18 7 43 17 12 31 40 19 20 36 8 3 26 42 9 44 33 39 23 41 32 35 24 6 22 29 10 38 34 25 15 27 37 4 16 11 5 53 46 51 55 45 52 48 56 54 47 49 50 65 76 92 58 57 100 61 89 74 85 75 72 93 64 66 99 96 73 94 87 60 70 62 78 84 95 97 59 79 91 98 81 88 71 86 63 68 90 80 77 83 67 82 69 
1 2 14 13 21 28 30 18 7 43 17 12 31 40 19 20 36 8 3 26 42 9 44 33 39 23 41 32 35 24 6 22 29 10 38 34 25 15 27 37 4 16 11 5 53 46 51 55 45 52 48 56 54 47 49 50 65 76 92 58 57 100 61 89 74 85 75 72 93 64 66 99 96 73 94 87 60 70 62 78 84 95 97 59 79 91 98 81 88 71 86 63 68 90 80 77 83 67 82 69 
1 2 14 13 21 28 30 18 7 43 17 12 31 40 19 20 36 8 3 26 42 9 5 33 39 23 41 32 35 24 6 22 29 10 38 34 25 15 27 37 4 16 11 44 53 46 51 55 45 52 48 56 54 47 49 50 65 76 92 58 57 100 61 89 74 85 75 72 93 64 66 99 96 73 94 87 60 70 62 78 84 95 97 59 79 91 98 81 88 71 86 63 68 90 80 77 83 67 82 69 
1 2 4 13 21 28 30 18 7 43 17 12 31 40 19 20 36 8 3 26 42 9 5 33 39 23 41 32 35 24 6 22 29 10 38 34 25 15 27 37 14 16 11 44 53 46 51 55 45 52 48 56 54 47 49 50 65 76 92 58 57 100 61 89 74 85 75 72 93 64 66 99 96 73 94 87 60 70 62 78 84 95 97 59 79 91 98 81 88 71 86 63 68 90 80 77 83 67 82 69 
1 2 4 5 21 28 30 18 7 43 17 12 31 40 19 20 36 8 3 26 42 9 13 33 39 23 41 32 35 24 6 22 29 10 38 34 25 15 27 37 14 16 11 44 53 46 51 55 45 52 48 56 54 47 49 50 65 76 92 58 57 100 61 89 74 85 75 72 93 64 66 99 96 73 94 87 60 70 62 78 84 95 97 59 79 91 98 81 88 71 86 63 68 90 80 77 83 67 82 69 
1 2 4 5 3 28 30 18 7 43 17 12 31 40 19 20 36 8 21 26 42 9 13 33 39 23 41 32 35 24 6 22 29 10 38 34 25 15 27 37 14 16 11 44 53 46 51 55 45 52 48 56 54 47 49 50 65 76 92 58 57 100 61 89 74 85 75 72 93 64 66 99 96 73 94 87 60 70 62 78 84 95 97 59 79 91 98 81 88 71 86 63 68 90 80 77 83 67 82 69 
1 2 4 3 5 28 30 18 7 43 17 12 31 40 19 20 36 8 21 26 42 9 13 33 39 23 41 32 35 24 6 22 29 10 38 34 25 15 27 37 14 16 11 44 53 46 51 55 45 52 48 56 54 47 49 50 65 76 92 58 57 100 61 89 74 85 75 72 93 64 66 99 96 73 94 87 60 70 62 78 84 95 97 59 79 91 98 81 88 71 86 63 68 90 80 77 83 67 82 69 
1 2 3 4 5 28 30 18 7 43 17 12 31 40 19 20 36 8 21 26 42 9 13 33 39 23 41 32 35 24 6 22 29 10 38 34 25 15 27 37 14 16 11 44 53 46 51 55 45 52 48 56 54 47 49 50 65 76 92 58 57 100 61 89 74 85 75 72 93 64 66 99 96 73 94 87 60 70 62 78 84 95 97 59 79 91 98 81 88 71 86 63 68 90 80 77 83 67 82 69 
1 2 3 4 5 28 30 18 7 11 17 12 31 40 19 20 36 8 21 26 42 9 13 33 39 23 41 32 35 24 6 22 29 10 38 34 25 15 27 37 14 16 43 44 53 46 51 55 45 52 48 56 54 47 49 50 65 76 92 58 57 100 61 89 74 85 75 72 93 64 66 99 96 73 94 87 60 70 62 78 84 95 97 59 79 91 98 81 88 71 86 63 68 90 80 77 83 67 82 69 
1 2 3 4 5 28 30 18 7 11 17 12 31 16 19 20 36 8 21 26 42 9 13 33 39 23 41 32 35 24 6 22 29 10 38 34 25 15 27 37 14 40 43 44 53 46 51 55 45 52 48 56 54 47 49 50 65 76 92 58 57 100 61 89 74 85 75 72 93 64 66 99 96 73 94 87 60 70 62 78 84 95 97 59 79 91 98 81 88 71 86 63 68 90 80 77 83 67 82 69 
1 2 3 4 5 28 30 18 7 11 17 12 31 16 19 20 14 8 21 26 42 9 13 33 39 23 41 32 35 24 6 22 29 10 38 34 25 15 27 37 36 40 43 44 53 46 51 55 45 52 48 56 54 47 49 50 65 76 92 58 57 100 61 89 74 85 75 72 93 64 66 99 96 73 94 87 60 70 62 78 84 95 97 59 79 91 98 81 88 71 86 63 68 90 80 77 83 67 82 69 
1 2 3 4 5 28 30 18 7 11 17 12 31 16 19 20 14 8 21 26 27 9 13 33 39 23 41 32 35 24 6 22 29 10 38 34 25 15 42 37 36 40 43 44 53 46 51 55 45 52 48 56 54 47 49 50 65 76 92 58 57 100 61 89 74 85 75 72 93 64 66 99 96 73 94 87 60 70 62 78 84 95 97 59 79 91 98 81 88 71 86 63 68 90 80 77 83 67 82 69 
1 2 3 4 5 28 30 18 7 11 17 12 31 16 19 20 14 8 21 26 27 9 13 15 39 23 41 32 35 24 6 22 29 10 38 34 25 33 42 37 36 40 43 44 53 46 51 55 45 52 48 56 54 47 49 50 65 76 92 58 57 100 61 89 74 85 75 72 93 64 66 99 96 73 94 87 60 70 62 78 84 95 97 59 79 91 98 81 88 71 86 63 68 90 80 77 83 67 82 69 
1 2 3 4 5 28 30 18 7 11 17 12 31 16 19 20 14 8 21 26 27 9 13 15 25 23 41 32 35 24 6 22 29 10 38 34 39 33 42 37 36 40 43 44 53 46 51 55 45 52 48 56 54 47 49 50 65 76 92 58 57 100 61 89 74 85 75 72 93 64 66 99 96 73 94 87 60 70 62 78 84 95 97 59 79 91 98 81 88 71 86 63 68 90 80 77 83 67 82 69 
1 2 3 4 5 28 30 18 7 11 17 12 31 16 19 20 14 8 21 26 27 9 13 15 25 23 10 32 35 24 6 22 29 41 38 34 39 33 42 37 36 40 43 44 53 46 51 55 45 52 48 56 54 47 49 50 65 76 92 58 57 100 61 89 74 85 75 72 93 64 66 99 96 73 94 87 60 70 62 78 84 95 97 59 79 91 98 81 88 71 86 63 68 90 80 77 83 67 82 69 
1 2 3 4 5 28 30 18 7 11 17 12 31 16 19 20 14 8 21 26 27 9 13 15 25 23 10 32 29 24 6 22 35 41 38 34 39 33 42 37 36 40 43 44 53 46 51 55 45 52 48 56 54 47 49 50 65 76 92 58 57 100 61 89 74 85 75 72 93 64 66 99 96 73 94 87 60 70 62 78 84 95 97 59 79 91 98 81 88 71 86 63 68 90 80 77 83 67 82 69 
1 2 3 4 5 6 30 18 7 11 17 12 31 16 19 20 14 8 21 26 27 9 13 15 25 23 10 32 29 24 28 22 35 41 38 34 39 33 42 37 36 40 43 44 53 46 51 55 45 52 48 56 54 47 49 50 65 76 92 58 57 100 61 89 74 85 75 72 93 64 66 99 96 73 94 87 60 70 62 78 84 95 97 59 79 91 98 81 88 71 86 63 68 90 80 77 83 67 82 69 
1 2 3 4 5 6 10 18 7 11 17 12 31 16 19 20 14 8 21 26 27 9 13 15 25 23 30 32 29 24 28 22 35 41 38 34 39 33 42 37 36 40 43 44 53 46 51 55 45 52 48 56 54 47 49 50 65 76 92 58 57 100 61 89 74 85 75 72 93 64 66 99 96 73 94 87 60 70 62 78 84 95 97 59 79 91 98 81 88 71 86 63 68 90 80 77 83 67 82 69 
1 2 3 4 5 6 10 18 7 11 17 12 15 16 19 20 14 8 21 26 27 9 13 31 25 23 30 32 29 24 28 22 35 41 38 34 39 33 42 37 36 40 43 44 53 46 51 55 45 52 48 56 54 47 49 50 65 76 92 58 57 100 61 89 74 85 75 72 93 64 66 99 96 73 94 87 60 70 62 78 84 95 97 59 79 91 98 81 88 71 86 63 68 90 80 77 83 67 82 69 
1 2 3 4 5 6 10 18 7 11 17 12 15 16 19 20 14 8 13 26 27 9 21 31 25 23 30 32 29 24 28 22 35 41 38 34 39 33 42 37 36 40 43 44 53 46 51 55 45 52 48 56 54 47 49 50 65 76 92 58 57 100 61 89 74 85 75 72 93 64 66 99 96 73 94 87 60 70 62 78 84 95 97 59 79 91 98 81 88 71 86 63 68 90 80 77 83 67 82 69 
1 2 3 4 5 6 10 18 7 11 17 12 15 16 19 20 14 8 13 9 27 26 21 31 25 23 30 32 29 24 28 22 35 41 38 34 39 33 42 37 36 40 43 44 53 46 51 55 45 52 48 56 54 47 49 50 65 76 92 58 57 100 61 89 74 85 75 72 93 64 66 99 96 73 94 87 60 70 62 78 84 95 97 59 79 91 98 81 88 71 86 63 68 90 80 77 83 67 82 69 
1 2 3 4 5 6 10 9 7 11 17 12 15 16 19 20 14 8 13 18 27 26 21 31 25 23 30 32 29 24 28 22 35 41 38 34 39 33 42 37 36 40 43 44 53 46 51 55 45 52 48 56 54 47 49 50 65 76 92 58 57 100 61 89 74 85 75 72 93 64 66 99 96 73 94 87 60 70 62 78 84 95 97 59 79 91 98 81 88 71 86 63 68 90 80 77 83 67 82 69 
1 2 3 4 5 6 10 9 7 11 13 12 15 16 19 20 14 8 17 18 27 26 21 31 25 23 30 32 29 24 28 22 35 41 38 34 39 33 42 37 36 40 43 44 53 46 51 55 45 52 48 56 54 47 49 50 65 76 92 58 57 100 61 89 74 85 75 72 93 64 66 99 96 73 94 87 60 70 62 78 84 95 97 59 79 91 98 81 88 71 86 63 68 90 80 77 83 67 82 69 
1 2 3 4 5 6 10 9 7 11 13 12 8 16 19 20 14 15 17 18 27 26 21 31 25 23 30 32 29 24 28 22 35 41 38 34 39 33 42 37 36 40 43 44 53 46 51 55 45 52 48 56 54 47 49 50 65 76 92 58 57 100 61 89 74 85 75 72 93 64 66 99 96 73 94 87 60 70 62 78 84 95 97 59 79 91 98 81 88 71 86 63 68 90 80 77 83 67 82 69 
1 2 3 4 5 6 10 9 7 11 13 12 8 14 19 20 16 15 17 18 27 26 21 31 25 23 30 32 29 24 28 22 35 41 38 34 39 33 42 37 36 40 43 44 53 46 51 55 45 52 48 56 54 47 49 50 65 76 92 58 57 100 61 89 74 85 75 72 93 64 66 99 96 73 94 87 60 70 62 78 84 95 97 59 79 91 98 81 88 71 86 63 68 90 80 77 83 67 82 69 
1 2 3 4 5 6 10 9 7 8 13 12 11 14 19 20 16 15 17 18 27 26 21 31 25 23 30 32 29 24 28 22 35 41 38 34 39 33 42 37 36 40 43 44 53 46 51 55 45 52 48 56 54 47 49 50 65 76 92 58 57 100 61 89 74 85 75 72 93 64 66 99 96 73 94 87 60 70 62 78 84 95 97 59 79 91 98 81 88 71 86 63 68 90 80 77 83 67 82 69 
1 2 3 4 5 6 8 9 7 10 13 12 11 14 19 20 16 15 17 18 27 26 21 31 25 23 30 32 29 24 28 22 35 41 38 34 39 33 42 37 36 40 43 44 53 46 51 55 45 52 48 56 54 47 49 50 65 76 92 58 57 100 61 89 74 85 75 72 93 64 66 99 96 73 94 87 60 70 62 78 84 95 97 59 79 91 98 81 88 71 86 63 68 90 80 77 83 67 82 69 
1 2 3 4 5 6 8 7 9 10 13 12 11 14 19 20 16 15 17 18 27 26 21 31 25 23 30 32 29 24 28 22 35 41 38 34 39 33 42 37 36 40 43 44 53 46 51 55 45 52 48 56 54 47 49 50 65 76 92 58 57 100 61 89 74 85 75 72 93 64 66 99 96 73 94 87 60 70 62 78 84 95 97 59 79 91 98 81 88 71 86 63 68 90 80 77 83 67 82 69 
1 2 3 4 5 6 7 8 9 10 13 12 11 14 19 20 16 15 17 18 27 26 21 31 25 23 30 32 29 24 28 22 35 41 38 34 39 33 42 37 36 40 43 44 53 46 51 55 45 52 48 56 54 47 49 50 65 76 92 58 57 100 61 89 74 85 75 72 93 64 66 99 96 73 94 87 60 70 62 78 84 95 97 59 79 91 98 81 88 71 86 63 68 90 80 77 83 67 82 69 
1 2 3 4 5 6 7 8 9 10 13 12 11 14 19 20 16 15 17 18 27 26 21 31 25 23 30 32 29 24 28 22 35 41 38 34 39 33 42 37 36 40 43 44 53 46 51 55 45 52 48 56 54 47 49 50 65 76 92 58 57 100 61 89 74 85 75 72 93 64 66 99 96 73 94 87 60 70 62 78 84 95 97 59 79 91 98 81 88 71 86 63 68 90 80 77 83 67 82 69 
1 2 3 4 5 6 7 8 9 10 13 12 11 14 19 20 16 15 17 18 27 26 21 31 25 23 30 32 29 24 28 22 35 41 38 34 39 33 42 37 36 40 43 44 53 46 51 55 45 52 48 56 54 47 49 50 65 76 92 58 57 100 61 89 74 85 75 72 93 64 66 99 96 73 94 87 60 70 62 78 84 95 97 59 79 91 98 81 88 71 86 63 68 90 80 77 83 67 82 69 
1 2 3 4 5 6 7 8 9 10 11 12 13 14 19 20 16 15 17 18 27 26 21 31 25 23 30 32 29 24 28 22 35 41 38 34 39 33 42 37 36 40 43 44 53 46 51 55 45 52 48 56 54 47 49 50 65 76 92 58 57 100 61 89 74 85 75 72 93 64 66 99 96 73 94 87 60 70 62 78 84 95 97 59 79 91 98 81 88 71 86 63 68 90 80 77 83 67 82 69 
1 2 3 4 5 6 7 8 9 10 11 12 13 14 19 20 16 15 17 18 27 26 21 31 25 23 30 32 29 24 28 22 35 41 38 34 39 33 42 37 36 40 43 44 53 46 51 55 45 52 48 56 54 47 49 50 65 76 92 58 57 100 61 89 74 85 75 72 93 64 66 99 96 73 94 87 60 70 62 78 84 95 97 59 79 91 98 81 88 71 86 63 68 90 80 77 83 67 82 69 
1 2 3 4 5 6 7 8 9 10 11 12 13 14 19 20 16 15 17 18 27 26 21 31 25 23 30 32 29 24 28 22 35 41 38 34 39 33 42 37 36 40 43 44 53 46 51 55 45 52 48 56 54 47 49 50 65 76 92 58 57 100 61 89 74 85 75 72 93 64 66 99 96 73 94 87 60 70 62 78 84 95 97 59 79 91 98 81 88 71 86 63 68 90 80 77 83 67 82 69 
1 2 3 4 5 6 7 8 9 10 11 12 13 14 15 20 16 19 17 18 27 26 21 31 25 23 30 32 29 24 28 22 35 41 38 34 39 33 42 37 36 40 43 44 53 46 51 55 45 52 48 56 54 47 49 50 65 76 92 58 57 100 61 89 74 85 75 72 93 64 66 99 96 73 94 87 60 70 62 78 84 95 97 59 79 91 98 81 88 71 86 63 68 90 80 77 83 67 82 69 
1 2 3 4 5 6 7 8 9 10 11 12 13 14 15 16 20 19 17 18 27 26 21 31 25 23 30 32 29 24 28 22 35 41 38 34 39 33 42 37 36 40 43 44 53 46 51 55 45 52 48 56 54 47 49 50 65 76 92 58 57 100 61 89 74 85 75 72 93 64 66 99 96 73 94 87 60 70 62 78 84 95 97 59 79 91 98 81 88 71 86 63 68 90 80 77 83 67 82 69 
1 2 3 4 5 6 7 8 9 10 11 12 13 14 15 16 20 19 17 18 27 26 21 31 25 23 30 32 29 24 28 22 35 41 38 34 39 33 42 37 36 40 43 44 53 46 51 55 45 52 48 56 54 47 49 50 65 76 92 58 57 100 61 89 74 85 75 72 93 64 66 99 96 73 94 87 60 70 62 78 84 95 97 59 79 91 98 81 88 71 86 63 68 90 80 77 83 67 82 69 
1 2 3 4 5 6 7 8 9 10 11 12 13 14 15 16 18 19 17 20 27 26 21 31 25 23 30 32 29 24 28 22 35 41 38 34 39 33 42 37 36 40 43 44 53 46 51 55 45 52 48 56 54 47 49 50 65 76 92 58 57 100 61 89 74 85 75 72 93 64 66 99 96 73 94 87 60 70 62 78 84 95 97 59 79 91 98 81 88 71 86 63 68 90 80 77 83 67 82 69 
1 2 3 4 5 6 7 8 9 10 11 12 13 14 15 16 18 17 19 20 27 26 21 31 25 23 30 32 29 24 28 22 35 41 38 34 39 33 42 37 36 40 43 44 53 46 51 55 45 52 48 56 54 47 49 50 65 76 92 58 57 100 61 89 74 85 75 72 93 64 66 99 96 73 94 87 60 70 62 78 84 95 97 59 79 91 98 81 88 71 86 63 68 90 80 77 83 67 82 69 
1 2 3 4 5 6 7 8 9 10 11 12 13 14 15 16 17 18 19 20 27 26 21 31 25 23 30 32 29 24 28 22 35 41 38 34 39 33 42 37 36 40 43 44 53 46 51 55 45 52 48 56 54 47 49 50 65 76 92 58 57 100 61 89 74 85 75 72 93 64 66 99 96 73 94 87 60 70 62 78 84 95 97 59 79 91 98 81 88 71 86 63 68 90 80 77 83 67 82 69 
1 2 3 4 5 6 7 8 9 10 11 12 13 14 15 16 17 18 19 20 27 26 21 31 25 23 30 32 29 24 28 22 35 41 38 34 39 33 42 37 36 40 43 44 53 46 51 55 45 52 48 56 54 47 49 50 65 76 92 58 57 100 61 89 74 85 75 72 93 64 66 99 96 73 94 87 60 70 62 78 84 95 97 59 79 91 98 81 88 71 86 63 68 90 80 77 83 67 82 69 
1 2 3 4 5 6 7 8 9 10 11 12 13 14 15 16 17 18 19 20 22 26 21 31 25 23 30 32 29 24 28 27 35 41 38 34 39 33 42 37 36 40 43 44 53 46 51 55 45 52 48 56 54 47 49 50 65 76 92 58 57 100 61 89 74 85 75 72 93 64 66 99 96 73 94 87 60 70 62 78 84 95 97 59 79 91 98 81 88 71 86 63 68 90 80 77 83 67 82 69 
1 2 3 4 5 6 7 8 9 10 11 12 13 14 15 16 17 18 19 20 22 23 21 31 25 26 30 32 29 24 28 27 35 41 38 34 39 33 42 37 36 40 43 44 53 46 51 55 45 52 48 56 54 47 49 50 65 76 92 58 57 100 61 89 74 85 75 72 93 64 66 99 96 73 94 87 60 70 62 78 84 95 97 59 79 91 98 81 88 71 86 63 68 90 80 77 83 67 82 69 
1 2 3 4 5 6 7 8 9 10 11 12 13 14 15 16 17 18 19 20 22 21 23 31 25 26 30 32 29 24 28 27 35 41 38 34 39 33 42 37 36 40 43 44 53 46 51 55 45 52 48 56 54 47 49 50 65 76 92 58 57 100 61 89 74 85 75 72 93 64 66 99 96 73 94 87 60 70 62 78 84 95 97 59 79 91 98 81 88 71 86 63 68 90 80 77 83 67 82 69 
1 2 3 4 5 6 7 8 9 10 11 12 13 14 15 16 17 18 19 20 21 22 23 31 25 26 30 32 29 24 28 27 35 41 38 34 39 33 42 37 36 40 43 44 53 46 51 55 45 52 48 56 54 47 49 50 65 76 92 58 57 100 61 89 74 85 75 72 93 64 66 99 96 73 94 87 60 70 62 78 84 95 97 59 79 91 98 81 88 71 86 63 68 90 80 77 83 67 82 69 
1 2 3 4 5 6 7 8 9 10 11 12 13 14 15 16 17 18 19 20 21 22 23 31 25 26 30 27 29 24 28 32 35 41 38 34 39 33 42 37 36 40 43 44 53 46 51 55 45 52 48 56 54 47 49 50 65 76 92 58 57 100 61 89 74 85 75 72 93 64 66 99 96 73 94 87 60 70 62 78 84 95 97 59 79 91 98 81 88 71 86 63 68 90 80 77 83 67 82 69 
1 2 3 4 5 6 7 8 9 10 11 12 13 14 15 16 17 18 19 20 21 22 23 28 25 26 30 27 29 24 31 32 35 41 38 34 39 33 42 37 36 40 43 44 53 46 51 55 45 52 48 56 54 47 49 50 65 76 92 58 57 100 61 89 74 85 75 72 93 64 66 99 96 73 94 87 60 70 62 78 84 95 97 59 79 91 98 81 88 71 86 63 68 90 80 77 83 67 82 69 
1 2 3 4 5 6 7 8 9 10 11 12 13 14 15 16 17 18 19 20 21 22 23 28 25 26 24 27 29 30 31 32 35 41 38 34 39 33 42 37 36 40 43 44 53 46 51 55 45 52 48 56 54 47 49 50 65 76 92 58 57 100 61 89 74 85 75 72 93 64 66 99 96 73 94 87 60 70 62 78 84 95 97 59 79 91 98 81 88 71 86 63 68 90 80 77 83 67 82 69 
1 2 3 4 5 6 7 8 9 10 11 12 13 14 15 16 17 18 19 20 21 22 23 24 25 26 28 27 29 30 31 32 35 41 38 34 39 33 42 37 36 40 43 44 53 46 51 55 45 52 48 56 54 47 49 50 65 76 92 58 57 100 61 89 74 85 75 72 93 64 66 99 96 73 94 87 60 70 62 78 84 95 97 59 79 91 98 81 88 71 86 63 68 90 80 77 83 67 82 69 
1 2 3 4 5 6 7 8 9 10 11 12 13 14 15 16 17 18 19 20 21 22 23 24 25 26 28 27 29 30 31 32 35 41 38 34 39 33 42 37 36 40 43 44 53 46 51 55 45 52 48 56 54 47 49 50 65 76 92 58 57 100 61 89 74 85 75 72 93 64 66 99 96 73 94 87 60 70 62 78 84 95 97 59 79 91 98 81 88 71 86 63 68 90 80 77 83 67 82 69 
1 2 3 4 5 6 7 8 9 10 11 12 13 14 15 16 17 18 19 20 21 22 23 24 25 26 28 27 29 30 31 32 35 41 38 34 39 33 42 37 36 40 43 44 53 46 51 55 45 52 48 56 54 47 49 50 65 76 92 58 57 100 61 89 74 85 75 72 93 64 66 99 96 73 94 87 60 70 62 78 84 95 97 59 79 91 98 81 88 71 86 63 68 90 80 77 83 67 82 69 
1 2 3 4 5 6 7 8 9 10 11 12 13 14 15 16 17 18 19 20 21 22 23 24 25 26 27 28 29 30 31 32 35 41 38 34 39 33 42 37 36 40 43 44 53 46 51 55 45 52 48 56 54 47 49 50 65 76 92 58 57 100 61 89 74 85 75 72 93 64 66 99 96 73 94 87 60 70 62 78 84 95 97 59 79 91 98 81 88 71 86 63 68 90 80 77 83 67 82 69 
1 2 3 4 5 6 7 8 9 10 11 12 13 14 15 16 17 18 19 20 21 22 23 24 25 26 27 28 29 30 31 32 35 41 38 34 39 33 42 37 36 40 43 44 53 46 51 55 45 52 48 56 54 47 49 50 65 76 92 58 57 100 61 89 74 85 75 72 93 64 66 99 96 73 94 87 60 70 62 78 84 95 97 59 79 91 98 81 88 71 86 63 68 90 80 77 83 67 82 69 
1 2 3 4 5 6 7 8 9 10 11 12 13 14 15 16 17 18 19 20 21 22 23 24 25 26 27 28 29 30 31 32 35 41 38 34 39 33 42 37 36 40 43 44 53 46 51 55 45 52 48 56 54 47 49 50 65 76 92 58 57 100 61 89 74 85 75 72 93 64 66 99 96 73 94 87 60 70 62 78 84 95 97 59 79 91 98 81 88 71 86 63 68 90 80 77 83 67 82 69 
1 2 3 4 5 6 7 8 9 10 11 12 13 14 15 16 17 18 19 20 21 22 23 24 25 26 27 28 29 30 31 32 33 41 38 34 39 35 42 37 36 40 43 44 53 46 51 55 45 52 48 56 54 47 49 50 65 76 92 58 57 100 61 89 74 85 75 72 93 64 66 99 96 73 94 87 60 70 62 78 84 95 97 59 79 91 98 81 88 71 86 63 68 90 80 77 83 67 82 69 
1 2 3 4 5 6 7 8 9 10 11 12 13 14 15 16 17 18 19 20 21 22 23 24 25 26 27 28 29 30 31 32 33 35 38 34 39 41 42 37 36 40 43 44 53 46 51 55 45 52 48 56 54 47 49 50 65 76 92 58 57 100 61 89 74 85 75 72 93 64 66 99 96 73 94 87 60 70 62 78 84 95 97 59 79 91 98 81 88 71 86 63 68 90 80 77 83 67 82 69 
1 2 3 4 5 6 7 8 9 10 11 12 13 14 15 16 17 18 19 20 21 22 23 24 25 26 27 28 29 30 31 32 33 35 34 38 39 41 42 37 36 40 43 44 53 46 51 55 45 52 48 56 54 47 49 50 65 76 92 58 57 100 61 89 74 85 75 72 93 64 66 99 96 73 94 87 60 70 62 78 84 95 97 59 79 91 98 81 88 71 86 63 68 90 80 77 83 67 82 69 
1 2 3 4 5 6 7 8 9 10 11 12 13 14 15 16 17 18 19 20 21 22 23 24 25 26 27 28 29 30 31 32 33 34 35 38 39 41 42 37 36 40 43 44 53 46 51 55 45 52 48 56 54 47 49 50 65 76 92 58 57 100 61 89 74 85 75 72 93 64 66 99 96 73 94 87 60 70 62 78 84 95 97 59 79 91 98 81 88 71 86 63 68 90 80 77 83 67 82 69 
1 2 3 4 5 6 7 8 9 10 11 12 13 14 15 16 17 18 19 20 21 22 23 24 25 26 27 28 29 30 31 32 33 34 35 38 39 41 40 37 36 42 43 44 53 46 51 55 45 52 48 56 54 47 49 50 65 76 92 58 57 100 61 89 74 85 75 72 93 64 66 99 96 73 94 87 60 70 62 78 84 95 97 59 79 91 98 81 88 71 86 63 68 90 80 77 83 67 82 69 
1 2 3 4 5 6 7 8 9 10 11 12 13 14 15 16 17 18 19 20 21 22 23 24 25 26 27 28 29 30 31 32 33 34 35 38 39 36 40 37 41 42 43 44 53 46 51 55 45 52 48 56 54 47 49 50 65 76 92 58 57 100 61 89 74 85 75 72 93 64 66 99 96 73 94 87 60 70 62 78 84 95 97 59 79 91 98 81 88 71 86 63 68 90 80 77 83 67 82 69 
1 2 3 4 5 6 7 8 9 10 11 12 13 14 15 16 17 18 19 20 21 22 23 24 25 26 27 28 29 30 31 32 33 34 35 36 39 38 40 37 41 42 43 44 53 46 51 55 45 52 48 56 54 47 49 50 65 76 92 58 57 100 61 89 74 85 75 72 93 64 66 99 96 73 94 87 60 70 62 78 84 95 97 59 79 91 98 81 88 71 86 63 68 90 80 77 83 67 82 69 
1 2 3 4 5 6 7 8 9 10 11 12 13 14 15 16 17 18 19 20 21 22 23 24 25 26 27 28 29 30 31 32 33 34 35 36 37 38 40 39 41 42 43 44 53 46 51 55 45 52 48 56 54 47 49 50 65 76 92 58 57 100 61 89 74 85 75 72 93 64 66 99 96 73 94 87 60 70 62 78 84 95 97 59 79 91 98 81 88 71 86 63 68 90 80 77 83 67 82 69 
1 2 3 4 5 6 7 8 9 10 11 12 13 14 15 16 17 18 19 20 21 22 23 24 25 26 27 28 29 30 31 32 33 34 35 36 37 38 40 39 41 42 43 44 53 46 51 55 45 52 48 56 54 47 49 50 65 76 92 58 57 100 61 89 74 85 75 72 93 64 66 99 96 73 94 87 60 70 62 78 84 95 97 59 79 91 98 81 88 71 86 63 68 90 80 77 83 67 82 69 
1 2 3 4 5 6 7 8 9 10 11 12 13 14 15 16 17 18 19 20 21 22 23 24 25 26 27 28 29 30 31 32 33 34 35 36 37 38 39 40 41 42 43 44 53 46 51 55 45 52 48 56 54 47 49 50 65 76 92 58 57 100 61 89 74 85 75 72 93 64 66 99 96 73 94 87 60 70 62 78 84 95 97 59 79 91 98 81 88 71 86 63 68 90 80 77 83 67 82 69 
1 2 3 4 5 6 7 8 9 10 11 12 13 14 15 16 17 18 19 20 21 22 23 24 25 26 27 28 29 30 31 32 33 34 35 36 37 38 39 40 41 42 43 44 53 46 51 55 45 52 48 56 54 47 49 50 65 76 92 58 57 100 61 89 74 85 75 72 93 64 66 99 96 73 94 87 60 70 62 78 84 95 97 59 79 91 98 81 88 71 86 63 68 90 80 77 83 67 82 69 
1 2 3 4 5 6 7 8 9 10 11 12 13 14 15 16 17 18 19 20 21 22 23 24 25 26 27 28 29 30 31 32 33 34 35 36 37 38 39 40 41 42 43 44 50 46 51 55 45 52 48 56 54 47 49 53 65 76 92 58 57 100 61 89 74 85 75 72 93 64 66 99 96 73 94 87 60 70 62 78 84 95 97 59 79 91 98 81 88 71 86 63 68 90 80 77 83 67 82 69 
1 2 3 4 5 6 7 8 9 10 11 12 13 14 15 16 17 18 19 20 21 22 23 24 25 26 27 28 29 30 31 32 33 34 35 36 37 38 39 40 41 42 43 44 50 46 51 49 45 52 48 56 54 47 55 53 65 76 92 58 57 100 61 89 74 85 75 72 93 64 66 99 96 73 94 87 60 70 62 78 84 95 97 59 79 91 98 81 88 71 86 63 68 90 80 77 83 67 82 69 
1 2 3 4 5 6 7 8 9 10 11 12 13 14 15 16 17 18 19 20 21 22 23 24 25 26 27 28 29 30 31 32 33 34 35 36 37 38 39 40 41 42 43 44 50 46 51 49 45 47 48 56 54 52 55 53 65 76 92 58 57 100 61 89 74 85 75 72 93 64 66 99 96 73 94 87 60 70 62 78 84 95 97 59 79 91 98 81 88 71 86 63 68 90 80 77 83 67 82 69 
1 2 3 4 5 6 7 8 9 10 11 12 13 14 15 16 17 18 19 20 21 22 23 24 25 26 27 28 29 30 31 32 33 34 35 36 37 38 39 40 41 42 43 44 48 46 51 49 45 47 50 56 54 52 55 53 65 76 92 58 57 100 61 89 74 85 75 72 93 64 66 99 96 73 94 87 60 70 62 78 84 95 97 59 79 91 98 81 88 71 86 63 68 90 80 77 83 67 82 69 
1 2 3 4 5 6 7 8 9 10 11 12 13 14 15 16 17 18 19 20 21 22 23 24 25 26 27 28 29 30 31 32 33 34 35 36 37 38 39 40 41 42 43 44 48 46 47 49 45 51 50 56 54 52 55 53 65 76 92 58 57 100 61 89 74 85 75 72 93 64 66 99 96 73 94 87 60 70 62 78 84 95 97 59 79 91 98 81 88 71 86 63 68 90 80 77 83 67 82 69 
1 2 3 4 5 6 7 8 9 10 11 12 13 14 15 16 17 18 19 20 21 22 23 24 25 26 27 28 29 30 31 32 33 34 35 36 37 38 39 40 41 42 43 44 48 46 47 45 49 51 50 56 54 52 55 53 65 76 92 58 57 100 61 89 74 85 75 72 93 64 66 99 96 73 94 87 60 70 62 78 84 95 97 59 79 91 98 81 88 71 86 63 68 90 80 77 83 67 82 69 
1 2 3 4 5 6 7 8 9 10 11 12 13 14 15 16 17 18 19 20 21 22 23 24 25 26 27 28 29 30 31 32 33 34 35 36 37 38 39 40 41 42 43 44 45 46 47 48 49 51 50 56 54 52 55 53 65 76 92 58 57 100 61 89 74 85 75 72 93 64 66 99 96 73 94 87 60 70 62 78 84 95 97 59 79 91 98 81 88 71 86 63 68 90 80 77 83 67 82 69 
1 2 3 4 5 6 7 8 9 10 11 12 13 14 15 16 17 18 19 20 21 22 23 24 25 26 27 28 29 30 31 32 33 34 35 36 37 38 39 40 41 42 43 44 45 46 47 48 49 51 50 56 54 52 55 53 65 76 92 58 57 100 61 89 74 85 75 72 93 64 66 99 96 73 94 87 60 70 62 78 84 95 97 59 79 91 98 81 88 71 86 63 68 90 80 77 83 67 82 69 
1 2 3 4 5 6 7 8 9 10 11 12 13 14 15 16 17 18 19 20 21 22 23 24 25 26 27 28 29 30 31 32 33 34 35 36 37 38 39 40 41 42 43 44 45 46 47 48 49 51 50 56 54 52 55 53 65 76 92 58 57 100 61 89 74 85 75 72 93 64 66 99 96 73 94 87 60 70 62 78 84 95 97 59 79 91 98 81 88 71 86 63 68 90 80 77 83 67 82 69 
1 2 3 4 5 6 7 8 9 10 11 12 13 14 15 16 17 18 19 20 21 22 23 24 25 26 27 28 29 30 31 32 33 34 35 36 37 38 39 40 41 42 43 44 45 46 47 48 49 50 51 56 54 52 55 53 65 76 92 58 57 100 61 89 74 85 75 72 93 64 66 99 96 73 94 87 60 70 62 78 84 95 97 59 79 91 98 81 88 71 86 63 68 90 80 77 83 67 82 69 
1 2 3 4 5 6 7 8 9 10 11 12 13 14 15 16 17 18 19 20 21 22 23 24 25 26 27 28 29 30 31 32 33 34 35 36 37 38 39 40 41 42 43 44 45 46 47 48 49 50 51 56 54 52 55 53 65 76 92 58 57 100 61 89 74 85 75 72 93 64 66 99 96 73 94 87 60 70 62 78 84 95 97 59 79 91 98 81 88 71 86 63 68 90 80 77 83 67 82 69 
1 2 3 4 5 6 7 8 9 10 11 12 13 14 15 16 17 18 19 20 21 22 23 24 25 26 27 28 29 30 31 32 33 34 35 36 37 38 39 40 41 42 43 44 45 46 47 48 49 50 51 52 54 56 55 53 65 76 92 58 57 100 61 89 74 85 75 72 93 64 66 99 96 73 94 87 60 70 62 78 84 95 97 59 79 91 98 81 88 71 86 63 68 90 80 77 83 67 82 69 
1 2 3 4 5 6 7 8 9 10 11 12 13 14 15 16 17 18 19 20 21 22 23 24 25 26 27 28 29 30 31 32 33 34 35 36 37 38 39 40 41 42 43 44 45 46 47 48 49 50 51 52 54 53 55 56 65 76 92 58 57 100 61 89 74 85 75 72 93 64 66 99 96 73 94 87 60 70 62 78 84 95 97 59 79 91 98 81 88 71 86 63 68 90 80 77 83 67 82 69 
1 2 3 4 5 6 7 8 9 10 11 12 13 14 15 16 17 18 19 20 21 22 23 24 25 26 27 28 29 30 31 32 33 34 35 36 37 38 39 40 41 42 43 44 45 46 47 48 49 50 51 52 53 54 55 56 65 76 92 58 57 100 61 89 74 85 75 72 93 64 66 99 96 73 94 87 60 70 62 78 84 95 97 59 79 91 98 81 88 71 86 63 68 90 80 77 83 67 82 69 
1 2 3 4 5 6 7 8 9 10 11 12 13 14 15 16 17 18 19 20 21 22 23 24 25 26 27 28 29 30 31 32 33 34 35 36 37 38 39 40 41 42 43 44 45 46 47 48 49 50 51 52 53 54 55 56 65 76 92 58 57 100 61 89 74 85 75 72 93 64 66 99 96 73 94 87 60 70 62 78 84 95 97 59 79 91 98 81 88 71 86 63 68 90 80 77 83 67 82 69 
1 2 3 4 5 6 7 8 9 10 11 12 13 14 15 16 17 18 19 20 21 22 23 24 25 26 27 28 29 30 31 32 33 34 35 36 37 38 39 40 41 42 43 44 45 46 47 48 49 50 51 52 53 54 55 56 65 69 92 58 57 100 61 89 74 85 75 72 93 64 66 99 96 73 94 87 60 70 62 78 84 95 97 59 79 91 98 81 88 71 86 63 68 90 80 77 83 67 82 76 
1 2 3 4 5 6 7 8 9 10 11 12 13 14 15 16 17 18 19 20 21 22 23 24 25 26 27 28 29 30 31 32 33 34 35 36 37 38 39 40 41 42 43 44 45 46 47 48 49 50 51 52 53 54 55 56 65 69 67 58 57 100 61 89 74 85 75 72 93 64 66 99 96 73 94 87 60 70 62 78 84 95 97 59 79 91 98 81 88 71 86 63 68 90 80 77 83 92 82 76 
1 2 3 4 5 6 7 8 9 10 11 12 13 14 15 16 17 18 19 20 21 22 23 24 25 26 27 28 29 30 31 32 33 34 35 36 37 38 39 40 41 42 43 44 45 46 47 48 49 50 51 52 53 54 55 56 65 69 67 58 57 68 61 89 74 85 75 72 93 64 66 99 96 73 94 87 60 70 62 78 84 95 97 59 79 91 98 81 88 71 86 63 100 90 80 77 83 92 82 76 
1 2 3 4 5 6 7 8 9 10 11 12 13 14 15 16 17 18 19 20 21 22 23 24 25 26 27 28 29 30 31 32 33 34 35 36 37 38 39 40 41 42 43 44 45 46 47 48 49 50 51 52 53 54 55 56 65 69 67 58 57 68 61 63 74 85 75 72 93 64 66 99 96 73 94 87 60 70 62 78 84 95 97 59 79 91 98 81 88 71 86 89 100 90 80 77 83 92 82 76 
1 2 3 4 5 6 7 8 9 10 11 12 13 14 15 16 17 18 19 20 21 22 23 24 25 26 27 28 29 30 31 32 33 34 35 36 37 38 39 40 41 42 43 44 45 46 47 48 49 50 51 52 53 54 55 56 65 69 67 58 57 68 61 63 59 85 75 72 93 64 66 99 96 73 94 87 60 70 62 78 84 95 97 74 79 91 98 81 88 71 86 89 100 90 80 77 83 92 82 76 
1 2 3 4 5 6 7 8 9 10 11 12 13 14 15 16 17 18 19 20 21 22 23 24 25 26 27 28 29 30 31 32 33 34 35 36 37 38 39 40 41 42 43 44 45 46 47 48 49 50 51 52 53 54 55 56 65 69 67 58 57 68 61 63 59 62 75 72 93 64 66 99 96 73 94 87 60 70 85 78 84 95 97 74 79 91 98 81 88 71 86 89 100 90 80 77 83 92 82 76 
1 2 3 4 5 6 7 8 9 10 11 12 13 14 15 16 17 18 19 20 21 22 23 24 25 26 27 28 29 30 31 32 33 34 35 36 37 38 39 40 41 42 43 44 45 46 47 48 49 50 51 52 53 54 55 56 65 69 67 58 57 68 61 63 59 62 70 72 93 64 66 99 96 73 94 87 60 75 85 78 84 95 97 74 79 91 98 81 88 71 86 89 100 90 80 77 83 92 82 76 
1 2 3 4 5 6 7 8 9 10 11 12 13 14 15 16 17 18 19 20 21 22 23 24 25 26 27 28 29 30 31 32 33 34 35 36 37 38 39 40 41 42 43 44 45 46 47 48 49 50 51 52 53 54 55 56 65 69 67 58 57 68 61 63 59 62 70 60 93 64 66 99 96 73 94 87 72 75 85 78 84 95 97 74 79 91 98 81 88 71 86 89 100 90 80 77 83 92 82 76 
1 2 3 4 5 6 7 8 9 10 11 12 13 14 15 16 17 18 19 20 21 22 23 24 25 26 27 28 29 30 31 32 33 34 35 36 37 38 39 40 41 42 43 44 45 46 47 48 49 50 51 52 53 54 55 56 65 69 67 58 57 68 61 63 59 62 70 60 66 64 93 99 96 73 94 87 72 75 85 78 84 95 97 74 79 91 98 81 88 71 86 89 100 90 80 77 83 92 82 76 
1 2 3 4 5 6 7 8 9 10 11 12 13 14 15 16 17 18 19 20 21 22 23 24 25 26 27 28 29 30 31 32 33 34 35 36 37 38 39 40 41 42 43 44 45 46 47 48 49 50 51 52 53 54 55 56 60 69 67 58 57 68 61 63 59 62 70 65 66 64 93 99 96 73 94 87 72 75 85 78 84 95 97 74 79 91 98 81 88 71 86 89 100 90 80 77 83 92 82 76 
1 2 3 4 5 6 7 8 9 10 11 12 13 14 15 16 17 18 19 20 21 22 23 24 25 26 27 28 29 30 31 32 33 34 35 36 37 38 39 40 41 42 43 44 45 46 47 48 49 50 51 52 53 54 55 56 60 59 67 58 57 68 61 63 69 62 70 65 66 64 93 99 96 73 94 87 72 75 85 78 84 95 97 74 79 91 98 81 88 71 86 89 100 90 80 77 83 92 82 76 
1 2 3 4 5 6 7 8 9 10 11 12 13 14 15 16 17 18 19 20 21 22 23 24 25 26 27 28 29 30 31 32 33 34 35 36 37 38 39 40 41 42 43 44 45 46 47 48 49 50 51 52 53 54 55 56 60 59 61 58 57 68 67 63 69 62 70 65 66 64 93 99 96 73 94 87 72 75 85 78 84 95 97 74 79 91 98 81 88 71 86 89 100 90 80 77 83 92 82 76 
1 2 3 4 5 6 7 8 9 10 11 12 13 14 15 16 17 18 19 20 21 22 23 24 25 26 27 28 29 30 31 32 33 34 35 36 37 38 39 40 41 42 43 44 45 46 47 48 49 50 51 52 53 54 55 56 60 59 57 58 61 68 67 63 69 62 70 65 66 64 93 99 96 73 94 87 72 75 85 78 84 95 97 74 79 91 98 81 88 71 86 89 100 90 80 77 83 92 82 76 
1 2 3 4 5 6 7 8 9 10 11 12 13 14 15 16 17 18 19 20 21 22 23 24 25 26 27 28 29 30 31 32 33 34 35 36 37 38 39 40 41 42 43 44 45 46 47 48 49 50 51 52 53 54 55 56 58 59 57 60 61 68 67 63 69 62 70 65 66 64 93 99 96 73 94 87 72 75 85 78 84 95 97 74 79 91 98 81 88 71 86 89 100 90 80 77 83 92 82 76 
1 2 3 4 5 6 7 8 9 10 11 12 13 14 15 16 17 18 19 20 21 22 23 24 25 26 27 28 29 30 31 32 33 34 35 36 37 38 39 40 41 42 43 44 45 46 47 48 49 50 51 52 53 54 55 56 58 57 59 60 61 68 67 63 69 62 70 65 66 64 93 99 96 73 94 87 72 75 85 78 84 95 97 74 79 91 98 81 88 71 86 89 100 90 80 77 83 92 82 76 
1 2 3 4 5 6 7 8 9 10 11 12 13 14 15 16 17 18 19 20 21 22 23 24 25 26 27 28 29 30 31 32 33 34 35 36 37 38 39 40 41 42 43 44 45 46 47 48 49 50 51 52 53 54 55 56 57 58 59 60 61 68 67 63 69 62 70 65 66 64 93 99 96 73 94 87 72 75 85 78 84 95 97 74 79 91 98 81 88 71 86 89 100 90 80 77 83 92 82 76 
1 2 3 4 5 6 7 8 9 10 11 12 13 14 15 16 17 18 19 20 21 22 23 24 25 26 27 28 29 30 31 32 33 34 35 36 37 38 39 40 41 42 43 44 45 46 47 48 49 50 51 52 53 54 55 56 57 58 59 60 61 68 67 63 69 62 70 65 66 64 93 99 96 73 94 87 72 75 85 78 84 95 97 74 79 91 98 81 88 71 86 89 100 90 80 77 83 92 82 76 
1 2 3 4 5 6 7 8 9 10 11 12 13 14 15 16 17 18 19 20 21 22 23 24 25 26 27 28 29 30 31 32 33 34 35 36 37 38 39 40 41 42 43 44 45 46 47 48 49 50 51 52 53 54 55 56 57 58 59 60 61 62 67 63 69 68 70 65 66 64 93 99 96 73 94 87 72 75 85 78 84 95 97 74 79 91 98 81 88 71 86 89 100 90 80 77 83 92 82 76 
1 2 3 4 5 6 7 8 9 10 11 12 13 14 15 16 17 18 19 20 21 22 23 24 25 26 27 28 29 30 31 32 33 34 35 36 37 38 39 40 41 42 43 44 45 46 47 48 49 50 51 52 53 54 55 56 57 58 59 60 61 62 67 63 64 68 70 65 66 69 93 99 96 73 94 87 72 75 85 78 84 95 97 74 79 91 98 81 88 71 86 89 100 90 80 77 83 92 82 76 
1 2 3 4 5 6 7 8 9 10 11 12 13 14 15 16 17 18 19 20 21 22 23 24 25 26 27 28 29 30 31 32 33 34 35 36 37 38 39 40 41 42 43 44 45 46 47 48 49 50 51 52 53 54 55 56 57 58 59 60 61 62 67 63 64 66 70 65 68 69 93 99 96 73 94 87 72 75 85 78 84 95 97 74 79 91 98 81 88 71 86 89 100 90 80 77 83 92 82 76 
1 2 3 4 5 6 7 8 9 10 11 12 13 14 15 16 17 18 19 20 21 22 23 24 25 26 27 28 29 30 31 32 33 34 35 36 37 38 39 40 41 42 43 44 45 46 47 48 49 50 51 52 53 54 55 56 57 58 59 60 61 62 67 63 64 66 65 70 68 69 93 99 96 73 94 87 72 75 85 78 84 95 97 74 79 91 98 81 88 71 86 89 100 90 80 77 83 92 82 76 
1 2 3 4 5 6 7 8 9 10 11 12 13 14 15 16 17 18 19 20 21 22 23 24 25 26 27 28 29 30 31 32 33 34 35 36 37 38 39 40 41 42 43 44 45 46 47 48 49 50 51 52 53 54 55 56 57 58 59 60 61 62 64 63 67 66 65 70 68 69 93 99 96 73 94 87 72 75 85 78 84 95 97 74 79 91 98 81 88 71 86 89 100 90 80 77 83 92 82 76 
1 2 3 4 5 6 7 8 9 10 11 12 13 14 15 16 17 18 19 20 21 22 23 24 25 26 27 28 29 30 31 32 33 34 35 36 37 38 39 40 41 42 43 44 45 46 47 48 49 50 51 52 53 54 55 56 57 58 59 60 61 62 63 64 67 66 65 70 68 69 93 99 96 73 94 87 72 75 85 78 84 95 97 74 79 91 98 81 88 71 86 89 100 90 80 77 83 92 82 76 
1 2 3 4 5 6 7 8 9 10 11 12 13 14 15 16 17 18 19 20 21 22 23 24 25 26 27 28 29 30 31 32 33 34 35 36 37 38 39 40 41 42 43 44 45 46 47 48 49 50 51 52 53 54 55 56 57 58 59 60 61 62 63 64 65 66 67 70 68 69 93 99 96 73 94 87 72 75 85 78 84 95 97 74 79 91 98 81 88 71 86 89 100 90 80 77 83 92 82 76 
1 2 3 4 5 6 7 8 9 10 11 12 13 14 15 16 17 18 19 20 21 22 23 24 25 26 27 28 29 30 31 32 33 34 35 36 37 38 39 40 41 42 43 44 45 46 47 48 49 50 51 52 53 54 55 56 57 58 59 60 61 62 63 64 65 66 67 70 68 69 93 99 96 73 94 87 72 75 85 78 84 95 97 74 79 91 98 81 88 71 86 89 100 90 80 77 83 92 82 76 
1 2 3 4 5 6 7 8 9 10 11 12 13 14 15 16 17 18 19 20 21 22 23 24 25 26 27 28 29 30 31 32 33 34 35 36 37 38 39 40 41 42 43 44 45 46 47 48 49 50 51 52 53 54 55 56 57 58 59 60 61 62 63 64 65 66 67 68 70 69 93 99 96 73 94 87 72 75 85 78 84 95 97 74 79 91 98 81 88 71 86 89 100 90 80 77 83 92 82 76 
1 2 3 4 5 6 7 8 9 10 11 12 13 14 15 16 17 18 19 20 21 22 23 24 25 26 27 28 29 30 31 32 33 34 35 36 37 38 39 40 41 42 43 44 45 46 47 48 49 50 51 52 53 54 55 56 57 58 59 60 61 62 63 64 65 66 67 68 69 70 93 99 96 73 94 87 72 75 85 78 84 95 97 74 79 91 98 81 88 71 86 89 100 90 80 77 83 92 82 76 
1 2 3 4 5 6 7 8 9 10 11 12 13 14 15 16 17 18 19 20 21 22 23 24 25 26 27 28 29 30 31 32 33 34 35 36 37 38 39 40 41 42 43 44 45 46 47 48 49 50 51 52 53 54 55 56 57 58 59 60 61 62 63 64 65 66 67 68 69 70 76 99 96 73 94 87 72 75 85 78 84 95 97 74 79 91 98 81 88 71 86 89 100 90 80 77 83 92 82 93 
1 2 3 4 5 6 7 8 9 10 11 12 13 14 15 16 17 18 19 20 21 22 23 24 25 26 27 28 29 30 31 32 33 34 35 36 37 38 39 40 41 42 43 44 45 46 47 48 49 50 51 52 53 54 55 56 57 58 59 60 61 62 63 64 65 66 67 68 69 70 76 77 96 73 94 87 72 75 85 78 84 95 97 74 79 91 98 81 88 71 86 89 100 90 80 99 83 92 82 93 
1 2 3 4 5 6 7 8 9 10 11 12 13 14 15 16 17 18 19 20 21 22 23 24 25 26 27 28 29 30 31 32 33 34 35 36 37 38 39 40 41 42 43 44 45 46 47 48 49 50 51 52 53 54 55 56 57 58 59 60 61 62 63 64 65 66 67 68 69 70 76 77 71 73 94 87 72 75 85 78 84 95 97 74 79 91 98 81 88 96 86 89 100 90 80 99 83 92 82 93 
1 2 3 4 5 6 7 8 9 10 11 12 13 14 15 16 17 18 19 20 21 22 23 24 25 26 27 28 29 30 31 32 33 34 35 36 37 38 39 40 41 42 43 44 45 46 47 48 49 50 51 52 53 54 55 56 57 58 59 60 61 62 63 64 65 66 67 68 69 70 76 77 71 73 79 87 72 75 85 78 84 95 97 74 94 91 98 81 88 96 86 89 100 90 80 99 83 92 82 93 
1 2 3 4 5 6 7 8 9 10 11 12 13 14 15 16 17 18 19 20 21 22 23 24 25 26 27 28 29 30 31 32 33 34 35 36 37 38 39 40 41 42 43 44 45 46 47 48 49 50 51 52 53 54 55 56 57 58 59 60 61 62 63 64 65 66 67 68 69 70 76 77 71 73 79 74 72 75 85 78 84 95 97 87 94 91 98 81 88 96 86 89 100 90 80 99 83 92 82 93 
1 2 3 4 5 6 7 8 9 10 11 12 13 14 15 16 17 18 19 20 21 22 23 24 25 26 27 28 29 30 31 32 33 34 35 36 37 38 39 40 41 42 43 44 45 46 47 48 49 50 51 52 53 54 55 56 57 58 59 60 61 62 63 64 65 66 67 68 69 70 76 77 71 73 79 74 72 75 78 85 84 95 97 87 94 91 98 81 88 96 86 89 100 90 80 99 83 92 82 93 
1 2 3 4 5 6 7 8 9 10 11 12 13 14 15 16 17 18 19 20 21 22 23 24 25 26 27 28 29 30 31 32 33 34 35 36 37 38 39 40 41 42 43 44 45 46 47 48 49 50 51 52 53 54 55 56 57 58 59 60 61 62 63 64 65 66 67 68 69 70 76 77 71 73 78 74 72 75 79 85 84 95 97 87 94 91 98 81 88 96 86 89 100 90 80 99 83 92 82 93 
1 2 3 4 5 6 7 8 9 10 11 12 13 14 15 16 17 18 19 20 21 22 23 24 25 26 27 28 29 30 31 32 33 34 35 36 37 38 39 40 41 42 43 44 45 46 47 48 49 50 51 52 53 54 55 56 57 58 59 60 61 62 63 64 65 66 67 68 69 70 72 77 71 73 78 74 76 75 79 85 84 95 97 87 94 91 98 81 88 96 86 89 100 90 80 99 83 92 82 93 
1 2 3 4 5 6 7 8 9 10 11 12 13 14 15 16 17 18 19 20 21 22 23 24 25 26 27 28 29 30 31 32 33 34 35 36 37 38 39 40 41 42 43 44 45 46 47 48 49 50 51 52 53 54 55 56 57 58 59 60 61 62 63 64 65 66 67 68 69 70 72 73 71 77 78 74 76 75 79 85 84 95 97 87 94 91 98 81 88 96 86 89 100 90 80 99 83 92 82 93 
1 2 3 4 5 6 7 8 9 10 11 12 13 14 15 16 17 18 19 20 21 22 23 24 25 26 27 28 29 30 31 32 33 34 35 36 37 38 39 40 41 42 43 44 45 46 47 48 49 50 51 52 53 54 55 56 57 58 59 60 61 62 63 64 65 66 67 68 69 70 72 71 73 77 78 74 76 75 79 85 84 95 97 87 94 91 98 81 88 96 86 89 100 90 80 99 83 92 82 93 
1 2 3 4 5 6 7 8 9 10 11 12 13 14 15 16 17 18 19 20 21 22 23 24 25 26 27 28 29 30 31 32 33 34 35 36 37 38 39 40 41 42 43 44 45 46 47 48 49 50 51 52 53 54 55 56 57 58 59 60 61 62 63 64 65 66 67 68 69 70 71 72 73 77 78 74 76 75 79 85 84 95 97 87 94 91 98 81 88 96 86 89 100 90 80 99 83 92 82 93 
1 2 3 4 5 6 7 8 9 10 11 12 13 14 15 16 17 18 19 20 21 22 23 24 25 26 27 28 29 30 31 32 33 34 35 36 37 38 39 40 41 42 43 44 45 46 47 48 49 50 51 52 53 54 55 56 57 58 59 60 61 62 63 64 65 66 67 68 69 70 71 72 73 74 78 77 76 75 79 85 84 95 97 87 94 91 98 81 88 96 86 89 100 90 80 99 83 92 82 93 
1 2 3 4 5 6 7 8 9 10 11 12 13 14 15 16 17 18 19 20 21 22 23 24 25 26 27 28 29 30 31 32 33 34 35 36 37 38 39 40 41 42 43 44 45 46 47 48 49 50 51 52 53 54 55 56 57 58 59 60 61 62 63 64 65 66 67 68 69 70 71 72 73 74 75 77 76 78 79 85 84 95 97 87 94 91 98 81 88 96 86 89 100 90 80 99 83 92 82 93 
1 2 3 4 5 6 7 8 9 10 11 12 13 14 15 16 17 18 19 20 21 22 23 24 25 26 27 28 29 30 31 32 33 34 35 36 37 38 39 40 41 42 43 44 45 46 47 48 49 50 51 52 53 54 55 56 57 58 59 60 61 62 63 64 65 66 67 68 69 70 71 72 73 74 75 76 77 78 79 85 84 95 97 87 94 91 98 81 88 96 86 89 100 90 80 99 83 92 82 93 
1 2 3 4 5 6 7 8 9 10 11 12 13 14 15 16 17 18 19 20 21 22 23 24 25 26 27 28 29 30 31 32 33 34 35 36 37 38 39 40 41 42 43 44 45 46 47 48 49 50 51 52 53 54 55 56 57 58 59 60 61 62 63 64 65 66 67 68 69 70 71 72 73 74 75 76 77 78 79 85 84 95 97 87 94 91 98 81 88 96 86 89 100 90 80 99 83 92 82 93 
1 2 3 4 5 6 7 8 9 10 11 12 13 14 15 16 17 18 19 20 21 22 23 24 25 26 27 28 29 30 31 32 33 34 35 36 37 38 39 40 41 42 43 44 45 46 47 48 49 50 51 52 53 54 55 56 57 58 59 60 61 62 63 64 65 66 67 68 69 70 71 72 73 74 75 76 77 78 79 85 84 95 97 87 94 91 98 81 88 96 86 89 100 90 80 99 83 92 82 93 
1 2 3 4 5 6 7 8 9 10 11 12 13 14 15 16 17 18 19 20 21 22 23 24 25 26 27 28 29 30 31 32 33 34 35 36 37 38 39 40 41 42 43 44 45 46 47 48 49 50 51 52 53 54 55 56 57 58 59 60 61 62 63 64 65 66 67 68 69 70 71 72 73 74 75 76 77 78 79 85 84 95 93 87 94 91 98 81 88 96 86 89 100 90 80 99 83 92 82 97 
1 2 3 4 5 6 7 8 9 10 11 12 13 14 15 16 17 18 19 20 21 22 23 24 25 26 27 28 29 30 31 32 33 34 35 36 37 38 39 40 41 42 43 44 45 46 47 48 49 50 51 52 53 54 55 56 57 58 59 60 61 62 63 64 65 66 67 68 69 70 71 72 73 74 75 76 77 78 79 85 84 95 93 87 94 91 82 81 88 96 86 89 100 90 80 99 83 92 98 97 
1 2 3 4 5 6 7 8 9 10 11 12 13 14 15 16 17 18 19 20 21 22 23 24 25 26 27 28 29 30 31 32 33 34 35 36 37 38 39 40 41 42 43 44 45 46 47 48 49 50 51 52 53 54 55 56 57 58 59 60 61 62 63 64 65 66 67 68 69 70 71 72 73 74 75 76 77 78 79 85 84 95 93 87 94 91 82 81 88 92 86 89 100 90 80 99 83 96 98 97 
1 2 3 4 5 6 7 8 9 10 11 12 13 14 15 16 17 18 19 20 21 22 23 24 25 26 27 28 29 30 31 32 33 34 35 36 37 38 39 40 41 42 43 44 45 46 47 48 49 50 51 52 53 54 55 56 57 58 59 60 61 62 63 64 65 66 67 68 69 70 71 72 73 74 75 76 77 78 79 85 84 95 93 87 94 91 82 81 88 92 86 89 83 90 80 99 100 96 98 97 
1 2 3 4 5 6 7 8 9 10 11 12 13 14 15 16 17 18 19 20 21 22 23 24 25 26 27 28 29 30 31 32 33 34 35 36 37 38 39 40 41 42 43 44 45 46 47 48 49 50 51 52 53 54 55 56 57 58 59 60 61 62 63 64 65 66 67 68 69 70 71 72 73 74 75 76 77 78 79 80 84 95 93 87 94 91 82 81 88 92 86 89 83 90 85 99 100 96 98 97 
1 2 3 4 5 6 7 8 9 10 11 12 13 14 15 16 17 18 19 20 21 22 23 24 25 26 27 28 29 30 31 32 33 34 35 36 37 38 39 40 41 42 43 44 45 46 47 48 49 50 51 52 53 54 55 56 57 58 59 60 61 62 63 64 65 66 67 68 69 70 71 72 73 74 75 76 77 78 79 80 81 95 93 87 94 91 82 84 88 92 86 89 83 90 85 99 100 96 98 97 
1 2 3 4 5 6 7 8 9 10 11 12 13 14 15 16 17 18 19 20 21 22 23 24 25 26 27 28 29 30 31 32 33 34 35 36 37 38 39 40 41 42 43 44 45 46 47 48 49 50 51 52 53 54 55 56 57 58 59 60 61 62 63 64 65 66 67 68 69 70 71 72 73 74 75 76 77 78 79 80 81 82 93 87 94 91 95 84 88 92 86 89 83 90 85 99 100 96 98 97 
1 2 3 4 5 6 7 8 9 10 11 12 13 14 15 16 17 18 19 20 21 22 23 24 25 26 27 28 29 30 31 32 33 34 35 36 37 38 39 40 41 42 43 44 45 46 47 48 49 50 51 52 53 54 55 56 57 58 59 60 61 62 63 64 65 66 67 68 69 70 71 72 73 74 75 76 77 78 79 80 81 82 93 87 94 91 95 84 88 92 86 89 83 90 85 99 100 96 98 97 
1 2 3 4 5 6 7 8 9 10 11 12 13 14 15 16 17 18 19 20 21 22 23 24 25 26 27 28 29 30 31 32 33 34 35 36 37 38 39 40 41 42 43 44 45 46 47 48 49 50 51 52 53 54 55 56 57 58 59 60 61 62 63 64 65 66 67 68 69 70 71 72 73 74 75 76 77 78 79 80 81 82 85 87 94 91 95 84 88 92 86 89 83 90 93 99 100 96 98 97 
1 2 3 4 5 6 7 8 9 10 11 12 13 14 15 16 17 18 19 20 21 22 23 24 25 26 27 28 29 30 31 32 33 34 35 36 37 38 39 40 41 42 43 44 45 46 47 48 49 50 51 52 53 54 55 56 57 58 59 60 61 62 63 64 65 66 67 68 69 70 71 72 73 74 75 76 77 78 79 80 81 82 85 87 83 91 95 84 88 92 86 89 94 90 93 99 100 96 98 97 
1 2 3 4 5 6 7 8 9 10 11 12 13 14 15 16 17 18 19 20 21 22 23 24 25 26 27 28 29 30 31 32 33 34 35 36 37 38 39 40 41 42 43 44 45 46 47 48 49 50 51 52 53 54 55 56 57 58 59 60 61 62 63 64 65 66 67 68 69 70 71 72 73 74 75 76 77 78 79 80 81 82 85 87 83 86 95 84 88 92 91 89 94 90 93 99 100 96 98 97 
1 2 3 4 5 6 7 8 9 10 11 12 13 14 15 16 17 18 19 20 21 22 23 24 25 26 27 28 29 30 31 32 33 34 35 36 37 38 39 40 41 42 43 44 45 46 47 48 49 50 51 52 53 54 55 56 57 58 59 60 61 62 63 64 65 66 67 68 69 70 71 72 73 74 75 76 77 78 79 80 81 82 85 87 83 86 88 84 95 92 91 89 94 90 93 99 100 96 98 97 
1 2 3 4 5 6 7 8 9 10 11 12 13 14 15 16 17 18 19 20 21 22 23 24 25 26 27 28 29 30 31 32 33 34 35 36 37 38 39 40 41 42 43 44 45 46 47 48 49 50 51 52 53 54 55 56 57 58 59 60 61 62 63 64 65 66 67 68 69 70 71 72 73 74 75 76 77 78 79 80 81 82 83 87 85 86 88 84 95 92 91 89 94 90 93 99 100 96 98 97 
1 2 3 4 5 6 7 8 9 10 11 12 13 14 15 16 17 18 19 20 21 22 23 24 25 26 27 28 29 30 31 32 33 34 35 36 37 38 39 40 41 42 43 44 45 46 47 48 49 50 51 52 53 54 55 56 57 58 59 60 61 62 63 64 65 66 67 68 69 70 71 72 73 74 75 76 77 78 79 80 81 82 83 84 85 86 88 87 95 92 91 89 94 90 93 99 100 96 98 97 
1 2 3 4 5 6 7 8 9 10 11 12 13 14 15 16 17 18 19 20 21 22 23 24 25 26 27 28 29 30 31 32 33 34 35 36 37 38 39 40 41 42 43 44 45 46 47 48 49 50 51 52 53 54 55 56 57 58 59 60 61 62 63 64 65 66 67 68 69 70 71 72 73 74 75 76 77 78 79 80 81 82 83 84 85 86 88 87 95 92 91 89 94 90 93 99 100 96 98 97 
1 2 3 4 5 6 7 8 9 10 11 12 13 14 15 16 17 18 19 20 21 22 23 24 25 26 27 28 29 30 31 32 33 34 35 36 37 38 39 40 41 42 43 44 45 46 47 48 49 50 51 52 53 54 55 56 57 58 59 60 61 62 63 64 65 66 67 68 69 70 71 72 73 74 75 76 77 78 79 80 81 82 83 84 85 86 88 87 95 92 91 89 94 90 93 99 100 96 98 97 
1 2 3 4 5 6 7 8 9 10 11 12 13 14 15 16 17 18 19 20 21 22 23 24 25 26 27 28 29 30 31 32 33 34 35 36 37 38 39 40 41 42 43 44 45 46 47 48 49 50 51 52 53 54 55 56 57 58 59 60 61 62 63 64 65 66 67 68 69 70 71 72 73 74 75 76 77 78 79 80 81 82 83 84 85 86 87 88 95 92 91 89 94 90 93 99 100 96 98 97 
1 2 3 4 5 6 7 8 9 10 11 12 13 14 15 16 17 18 19 20 21 22 23 24 25 26 27 28 29 30 31 32 33 34 35 36 37 38 39 40 41 42 43 44 45 46 47 48 49 50 51 52 53 54 55 56 57 58 59 60 61 62 63 64 65 66 67 68 69 70 71 72 73 74 75 76 77 78 79 80 81 82 83 84 85 86 87 88 89 92 91 95 94 90 93 99 100 96 98 97 
1 2 3 4 5 6 7 8 9 10 11 12 13 14 15 16 17 18 19 20 21 22 23 24 25 26 27 28 29 30 31 32 33 34 35 36 37 38 39 40 41 42 43 44 45 46 47 48 49 50 51 52 53 54 55 56 57 58 59 60 61 62 63 64 65 66 67 68 69 70 71 72 73 74 75 76 77 78 79 80 81 82 83 84 85 86 87 88 89 92 91 93 94 90 95 99 100 96 98 97 
1 2 3 4 5 6 7 8 9 10 11 12 13 14 15 16 17 18 19 20 21 22 23 24 25 26 27 28 29 30 31 32 33 34 35 36 37 38 39 40 41 42 43 44 45 46 47 48 49 50 51 52 53 54 55 56 57 58 59 60 61 62 63 64 65 66 67 68 69 70 71 72 73 74 75 76 77 78 79 80 81 82 83 84 85 86 87 88 89 92 91 90 94 93 95 99 100 96 98 97 
1 2 3 4 5 6 7 8 9 10 11 12 13 14 15 16 17 18 19 20 21 22 23 24 25 26 27 28 29 30 31 32 33 34 35 36 37 38 39 40 41 42 43 44 45 46 47 48 49 50 51 52 53 54 55 56 57 58 59 60 61 62 63 64 65 66 67 68 69 70 71 72 73 74 75 76 77 78 79 80 81 82 83 84 85 86 87 88 89 90 91 92 94 93 95 99 100 96 98 97 
1 2 3 4 5 6 7 8 9 10 11 12 13 14 15 16 17 18 19 20 21 22 23 24 25 26 27 28 29 30 31 32 33 34 35 36 37 38 39 40 41 42 43 44 45 46 47 48 49 50 51 52 53 54 55 56 57 58 59 60 61 62 63 64 65 66 67 68 69 70 71 72 73 74 75 76 77 78 79 80 81 82 83 84 85 86 87 88 89 90 91 92 94 93 95 99 100 96 98 97 
1 2 3 4 5 6 7 8 9 10 11 12 13 14 15 16 17 18 19 20 21 22 23 24 25 26 27 28 29 30 31 32 33 34 35 36 37 38 39 40 41 42 43 44 45 46 47 48 49 50 51 52 53 54 55 56 57 58 59 60 61 62 63 64 65 66 67 68 69 70 71 72 73 74 75 76 77 78 79 80 81 82 83 84 85 86 87 88 89 90 91 92 93 94 95 99 100 96 98 97 
1 2 3 4 5 6 7 8 9 10 11 12 13 14 15 16 17 18 19 20 21 22 23 24 25 26 27 28 29 30 31 32 33 34 35 36 37 38 39 40 41 42 43 44 45 46 47 48 49 50 51 52 53 54 55 56 57 58 59 60 61 62 63 64 65 66 67 68 69 70 71 72 73 74 75 76 77 78 79 80 81 82 83 84 85 86 87 88 89 90 91 92 93 94 95 96 100 99 98 97 
1 2 3 4 5 6 7 8 9 10 11 12 13 14 15 16 17 18 19 20 21 22 23 24 25 26 27 28 29 30 31 32 33 34 35 36 37 38 39 40 41 42 43 44 45 46 47 48 49 50 51 52 53 54 55 56 57 58 59 60 61 62 63 64 65 66 67 68 69 70 71 72 73 74 75 76 77 78 79 80 81 82 83 84 85 86 87 88 89 90 91 92 93 94 95 96 97 99 98 100 
1 2 3 4 5 6 7 8 9 10 11 12 13 14 15 16 17 18 19 20 21 22 23 24 25 26 27 28 29 30 31 32 33 34 35 36 37 38 39 40 41 42 43 44 45 46 47 48 49 50 51 52 53 54 55 56 57 58 59 60 61 62 63 64 65 66 67 68 69 70 71 72 73 74 75 76 77 78 79 80 81 82 83 84 85 86 87 88 89 90 91 92 93 94 95 96 97 98 99 100 
1 2 3 4 5 6 7 8 9 10 11 12 13 14 15 16 17 18 19 20 21 22 23 24 25 26 27 28 29 30 31 32 33 34 35 36 37 38 39 40 41 42 43 44 45 46 47 48 49 50 51 52 53 54 55 56 57 58 59 60 61 62 63 64 65 66 67 68 69 70 71 72 73 74 75 76 77 78 79 80 81 82 83 84 85 86 87 88 89 90 91 92 93 94 95 96 97 98 99 100 
1 2 3 4 5 6 7 8 9 10 11 12 13 14 15 16 17 18 19 20 21 22 23 24 25 26 27 28 29 30 31 32 33 34 35 36 37 38 39 40 41 42 43 44 45 46 47 48 49 50 51 52 53 54 55 56 57 58 59 60 61 62 63 64 65 66 67 68 69 70 71 72 73 74 75 76 77 78 79 80 81 82 83 84 85 86 87 88 89 90 91 92 93 94 95 96 97 98 99 100 
