1 21 77 89 67 5 31 51 47 16 64 65 27 46 76 36 53 8 85 94 51 50 16 86 13 12 43 73 97 18 75 44 26 75 87 77 99 18 63 51 78 20 25 84 92 43 57 6 70 89 27 5 83 72 99 48 33 23 7 86 90 61 28 6 20 72 4 94 25 76 14 77 62 83 8 59 9 90 71 89 11 56 96 92 59 74 56 9 46 47 99 40 71 73 68 10 14 57 37 25 
1 4 77 89 67 5 31 51 47 16 64 65 27 46 76 36 53 8 85 94 51 50 16 86 13 12 43 73 97 18 75 44 26 75 87 77 99 18 63 51 78 20 25 84 92 43 57 6 70 89 27 5 83 72 99 48 33 23 7 86 90 61 28 6 20 72 21 94 25 76 14 77 62 83 8 59 9 90 71 89 11 56 96 92 59 74 56 9 46 47 99 40 71 73 68 10 14 57 37 25 
1 4 5 89 67 77 31 51 47 16 64 65 27 46 76 36 53 8 85 94 51 50 16 86 13 12 43 73 97 18 75 44 26 75 87 77 99 18 63 51 78 20 25 84 92 43 57 6 70 89 27 5 83 72 99 48 33 23 7 86 90 61 28 6 20 72 21 94 25 76 14 77 62 83 8 59 9 90 71 89 11 56 96 92 59 74 56 9 46 47 99 40 71 73 68 10 14 57 37 25 
1 4 5 5 67 77 31 51 47 16 64 65 27 46 76 36 53 8 85 94 51 50 16 86 13 12 43 73 97 18 75 44 26 75 87 77 99 18 63 51 78 20 25 84 92 43 57 6 70 89 27 89 83 72 99 48 33 23 7 86 90 61 28 6 20 72 21 94 25 76 14 77 62 83 8 59 9 90 71 89 11 56 96 92 59 74 56 9 46 47 99 40 71 73 68 10 14 57 37 25 
1 4 5 5 6 77 31 51 47 16 64 65 27 46 76 36 53 8 85 94 51 50 16 86 13 12 43 73 97 18 75 44 26 75 87 77 99 18 63 51 78 20 25 84 92 43 57 67 70 89 27 89 83 72 99 48 33 23 7 86 90 61 28 6 20 72 21 94 25 76 14 77 62 83 8 59 9 90 71 89 11 56 96 92 59 74 56 9 46 47 99 40 71 73 68 10 14 57 37 25 
1 4 5 5 6 6 31 51 47 16 64 65 27 46 76 36 53 8 85 94 51 50 16 86 13 12 43 73 97 18 75 44 26 75 87 77 99 18 63 51 78 20 25 84 92 43 57 67 70 89 27 89 83 72 99 48 33 23 7 86 90 61 28 77 20 72 21 94 25 76 14 77 62 83 8 59 9 90 71 89 11 56 96 92 59 74 56 9 46 47 99 40 71 73 68 10 14 57 37 25 
1 4 5 5 6 6 7 51 47 16 64 65 27 46 76 36 53 8 85 94 51 50 16 86 13 12 43 73 97 18 75 44 26 75 87 77 99 18 63 51 78 20 25 84 92 43 57 67 70 89 27 89 83 72 99 48 33 23 31 86 90 61 28 77 20 72 21 94 25 76 14 77 62 83 8 59 9 90 71 89 11 56 96 92 59 74 56 9 46 47 99 40 71 73 68 10 14 57 37 25 
1 4 5 5 6 6 7 8 47 16 64 65 27 46 76 36 53 51 85 94 51 50 16 86 13 12 43 73 97 18 75 44 26 75 87 77 99 18 63 51 78 20 25 84 92 43 57 67 70 89 27 89 83 72 99 48 33 23 31 86 90 61 28 77 20 72 21 94 25 76 14 77 62 83 8 59 9 90 71 89 11 56 96 92 59 74 56 9 46 47 99 40 71 73 68 10 14 57 37 25 
1 4 5 5 6 6 7 8 8 16 64 65 27 46 76 36 53 51 85 94 51 50 16 86 13 12 43 73 97 18 75 44 26 75 87 77 99 18 63 51 78 20 25 84 92 43 57 67 70 89 27 89 83 72 99 48 33 23 31 86 90 61 28 77 20 72 21 94 25 76 14 77 62 83 47 59 9 90 71 89 11 56 96 92 59 74 56 9 46 47 99 40 71 73 68 10 14 57 37 25 
1 4 5 5 6 6 7 8 8 9 64 65 27 46 76 36 53 51 85 94 51 50 16 86 13 12 43 73 97 18 75 44 26 75 87 77 99 18 63 51 78 20 25 84 92 43 57 67 70 89 27 89 83 72 99 48 33 23 31 86 90 61 28 77 20 72 21 94 25 76 14 77 62 83 47 59 16 90 71 89 11 56 96 92 59 74 56 9 46 47 99 40 71 73 68 10 14 57 37 25 
1 4 5 5 6 6 7 8 8 9 9 65 27 46 76 36 53 51 85 94 51 50 16 86 13 12 43 73 97 18 75 44 26 75 87 77 99 18 63 51 78 20 25 84 92 43 57 67 70 89 27 89 83 72 99 48 33 23 31 86 90 61 28 77 20 72 21 94 25 76 14 77 62 83 47 59 16 90 71 89 11 56 96 92 59 74 56 64 46 47 99 40 71 73 68 10 14 57 37 25 
1 4 5 5 6 6 7 8 8 9 9 10 27 46 76 36 53 51 85 94 51 50 16 86 13 12 43 73 97 18 75 44 26 75 87 77 99 18 63 51 78 20 25 84 92 43 57 67 70 89 27 89 83 72 99 48 33 23 31 86 90 61 28 77 20 72 21 94 25 76 14 77 62 83 47 59 16 90 71 89 11 56 96 92 59 74 56 64 46 47 99 40 71 73 68 65 14 57 37 25 
1 4 5 5 6 6 7 8 8 9 9 10 11 46 76 36 53 51 85 94 51 50 16 86 13 12 43 73 97 18 75 44 26 75 87 77 99 18 63 51 78 20 25 84 92 43 57 67 70 89 27 89 83 72 99 48 33 23 31 86 90 61 28 77 20 72 21 94 25 76 14 77 62 83 47 59 16 90 71 89 27 56 96 92 59 74 56 64 46 47 99 40 71 73 68 65 14 57 37 25 
1 4 5 5 6 6 7 8 8 9 9 10 11 12 76 36 53 51 85 94 51 50 16 86 13 46 43 73 97 18 75 44 26 75 87 77 99 18 63 51 78 20 25 84 92 43 57 67 70 89 27 89 83 72 99 48 33 23 31 86 90 61 28 77 20 72 21 94 25 76 14 77 62 83 47 59 16 90 71 89 27 56 96 92 59 74 56 64 46 47 99 40 71 73 68 65 14 57 37 25 
1 4 5 5 6 6 7 8 8 9 9 10 11 12 13 36 53 51 85 94 51 50 16 86 76 46 43 73 97 18 75 44 26 75 87 77 99 18 63 51 78 20 25 84 92 43 57 67 70 89 27 89 83 72 99 48 33 23 31 86 90 61 28 77 20 72 21 94 25 76 14 77 62 83 47 59 16 90 71 89 27 56 96 92 59 74 56 64 46 47 99 40 71 73 68 65 14 57 37 25 
1 4 5 5 6 6 7 8 8 9 9 10 11 12 13 14 53 51 85 94 51 50 16 86 76 46 43 73 97 18 75 44 26 75 87 77 99 18 63 51 78 20 25 84 92 43 57 67 70 89 27 89 83 72 99 48 33 23 31 86 90 61 28 77 20 72 21 94 25 76 36 77 62 83 47 59 16 90 71 89 27 56 96 92 59 74 56 64 46 47 99 40 71 73 68 65 14 57 37 25 
1 4 5 5 6 6 7 8 8 9 9 10 11 12 13 14 14 51 85 94 51 50 16 86 76 46 43 73 97 18 75 44 26 75 87 77 99 18 63 51 78 20 25 84 92 43 57 67 70 89 27 89 83 72 99 48 33 23 31 86 90 61 28 77 20 72 21 94 25 76 36 77 62 83 47 59 16 90 71 89 27 56 96 92 59 74 56 64 46 47 99 40 71 73 68 65 53 57 37 25 
1 4 5 5 6 6 7 8 8 9 9 10 11 12 13 14 14 16 85 94 51 50 51 86 76 46 43 73 97 18 75 44 26 75 87 77 99 18 63 51 78 20 25 84 92 43 57 67 70 89 27 89 83 72 99 48 33 23 31 86 90 61 28 77 20 72 21 94 25 76 36 77 62 83 47 59 16 90 71 89 27 56 96 92 59 74 56 64 46 47 99 40 71 73 68 65 53 57 37 25 
1 4 5 5 6 6 7 8 8 9 9 10 11 12 13 14 14 16 16 94 51 50 51 86 76 46 43 73 97 18 75 44 26 75 87 77 99 18 63 51 78 20 25 84 92 43 57 67 70 89 27 89 83 72 99 48 33 23 31 86 90 61 28 77 20 72 21 94 25 76 36 77 62 83 47 59 85 90 71 89 27 56 96 92 59 74 56 64 46 47 99 40 71 73 68 65 53 57 37 25 
1 4 5 5 6 6 7 8 8 9 9 10 11 12 13 14 14 16 16 18 51 50 51 86 76 46 43 73 97 94 75 44 26 75 87 77 99 18 63 51 78 20 25 84 92 43 57 67 70 89 27 89 83 72 99 48 33 23 31 86 90 61 28 77 20 72 21 94 25 76 36 77 62 83 47 59 85 90 71 89 27 56 96 92 59 74 56 64 46 47 99 40 71 73 68 65 53 57 37 25 
1 4 5 5 6 6 7 8 8 9 9 10 11 12 13 14 14 16 16 18 18 50 51 86 76 46 43 73 97 94 75 44 26 75 87 77 99 51 63 51 78 20 25 84 92 43 57 67 70 89 27 89 83 72 99 48 33 23 31 86 90 61 28 77 20 72 21 94 25 76 36 77 62 83 47 59 85 90 71 89 27 56 96 92 59 74 56 64 46 47 99 40 71 73 68 65 53 57 37 25 
1 4 5 5 6 6 7 8 8 9 9 10 11 12 13 14 14 16 16 18 18 20 51 86 76 46 43 73 97 94 75 44 26 75 87 77 99 51 63 51 78 50 25 84 92 43 57 67 70 89 27 89 83 72 99 48 33 23 31 86 90 61 28 77 20 72 21 94 25 76 36 77 62 83 47 59 85 90 71 89 27 56 96 92 59 74 56 64 46 47 99 40 71 73 68 65 53 57 37 25 
1 4 5 5 6 6 7 8 8 9 9 10 11 12 13 14 14 16 16 18 18 20 20 86 76 46 43 73 97 94 75 44 26 75 87 77 99 51 63 51 78 50 25 84 92 43 57 67 70 89 27 89 83 72 99 48 33 23 31 86 90 61 28 77 51 72 21 94 25 76 36 77 62 83 47 59 85 90 71 89 27 56 96 92 59 74 56 64 46 47 99 40 71 73 68 65 53 57 37 25 
1 4 5 5 6 6 7 8 8 9 9 10 11 12 13 14 14 16 16 18 18 20 20 21 76 46 43 73 97 94 75 44 26 75 87 77 99 51 63 51 78 50 25 84 92 43 57 67 70 89 27 89 83 72 99 48 33 23 31 86 90 61 28 77 51 72 86 94 25 76 36 77 62 83 47 59 85 90 71 89 27 56 96 92 59 74 56 64 46 47 99 40 71 73 68 65 53 57 37 25 
1 4 5 5 6 6 7 8 8 9 9 10 11 12 13 14 14 16 16 18 18 20 20 21 23 46 43 73 97 94 75 44 26 75 87 77 99 51 63 51 78 50 25 84 92 43 57 67 70 89 27 89 83 72 99 48 33 76 31 86 90 61 28 77 51 72 86 94 25 76 36 77 62 83 47 59 85 90 71 89 27 56 96 92 59 74 56 64 46 47 99 40 71 73 68 65 53 57 37 25 
1 4 5 5 6 6 7 8 8 9 9 10 11 12 13 14 14 16 16 18 18 20 20 21 23 25 43 73 97 94 75 44 26 75 87 77 99 51 63 51 78 50 46 84 92 43 57 67 70 89 27 89 83 72 99 48 33 76 31 86 90 61 28 77 51 72 86 94 25 76 36 77 62 83 47 59 85 90 71 89 27 56 96 92 59 74 56 64 46 47 99 40 71 73 68 65 53 57 37 25 
1 4 5 5 6 6 7 8 8 9 9 10 11 12 13 14 14 16 16 18 18 20 20 21 23 25 25 73 97 94 75 44 26 75 87 77 99 51 63 51 78 50 46 84 92 43 57 67 70 89 27 89 83 72 99 48 33 76 31 86 90 61 28 77 51 72 86 94 43 76 36 77 62 83 47 59 85 90 71 89 27 56 96 92 59 74 56 64 46 47 99 40 71 73 68 65 53 57 37 25 
1 4 5 5 6 6 7 8 8 9 9 10 11 12 13 14 14 16 16 18 18 20 20 21 23 25 25 25 97 94 75 44 26 75 87 77 99 51 63 51 78 50 46 84 92 43 57 67 70 89 27 89 83 72 99 48 33 76 31 86 90 61 28 77 51 72 86 94 43 76 36 77 62 83 47 59 85 90 71 89 27 56 96 92 59 74 56 64 46 47 99 40 71 73 68 65 53 57 37 73 
1 4 5 5 6 6 7 8 8 9 9 10 11 12 13 14 14 16 16 18 18 20 20 21 23 25 25 25 26 94 75 44 97 75 87 77 99 51 63 51 78 50 46 84 92 43 57 67 70 89 27 89 83 72 99 48 33 76 31 86 90 61 28 77 51 72 86 94 43 76 36 77 62 83 47 59 85 90 71 89 27 56 96 92 59 74 56 64 46 47 99 40 71 73 68 65 53 57 37 73 
1 4 5 5 6 6 7 8 8 9 9 10 11 12 13 14 14 16 16 18 18 20 20 21 23 25 25 25 26 27 75 44 97 75 87 77 99 51 63 51 78 50 46 84 92 43 57 67 70 89 94 89 83 72 99 48 33 76 31 86 90 61 28 77 51 72 86 94 43 76 36 77 62 83 47 59 85 90 71 89 27 56 96 92 59 74 56 64 46 47 99 40 71 73 68 65 53 57 37 73 
1 4 5 5 6 6 7 8 8 9 9 10 11 12 13 14 14 16 16 18 18 20 20 21 23 25 25 25 26 27 27 44 97 75 87 77 99 51 63 51 78 50 46 84 92 43 57 67 70 89 94 89 83 72 99 48 33 76 31 86 90 61 28 77 51 72 86 94 43 76 36 77 62 83 47 59 85 90 71 89 75 56 96 92 59 74 56 64 46 47 99 40 71 73 68 65 53 57 37 73 
1 4 5 5 6 6 7 8 8 9 9 10 11 12 13 14 14 16 16 18 18 20 20 21 23 25 25 25 26 27 27 28 97 75 87 77 99 51 63 51 78 50 46 84 92 43 57 67 70 89 94 89 83 72 99 48 33 76 31 86 90 61 44 77 51 72 86 94 43 76 36 77 62 83 47 59 85 90 71 89 75 56 96 92 59 74 56 64 46 47 99 40 71 73 68 65 53 57 37 73 
1 4 5 5 6 6 7 8 8 9 9 10 11 12 13 14 14 16 16 18 18 20 20 21 23 25 25 25 26 27 27 28 31 75 87 77 99 51 63 51 78 50 46 84 92 43 57 67 70 89 94 89 83 72 99 48 33 76 97 86 90 61 44 77 51 72 86 94 43 76 36 77 62 83 47 59 85 90 71 89 75 56 96 92 59 74 56 64 46 47 99 40 71 73 68 65 53 57 37 73 
1 4 5 5 6 6 7 8 8 9 9 10 11 12 13 14 14 16 16 18 18 20 20 21 23 25 25 25 26 27 27 28 31 33 87 77 99 51 63 51 78 50 46 84 92 43 57 67 70 89 94 89 83 72 99 48 75 76 97 86 90 61 44 77 51 72 86 94 43 76 36 77 62 83 47 59 85 90 71 89 75 56 96 92 59 74 56 64 46 47 99 40 71 73 68 65 53 57 37 73 
1 4 5 5 6 6 7 8 8 9 9 10 11 12 13 14 14 16 16 18 18 20 20 21 23 25 25 25 26 27 27 28 31 33 36 77 99 51 63 51 78 50 46 84 92 43 57 67 70 89 94 89 83 72 99 48 75 76 97 86 90 61 44 77 51 72 86 94 43 76 87 77 62 83 47 59 85 90 71 89 75 56 96 92 59 74 56 64 46 47 99 40 71 73 68 65 53 57 37 73 
1 4 5 5 6 6 7 8 8 9 9 10 11 12 13 14 14 16 16 18 18 20 20 21 23 25 25 25 26 27 27 28 31 33 36 37 99 51 63 51 78 50 46 84 92 43 57 67 70 89 94 89 83 72 99 48 75 76 97 86 90 61 44 77 51 72 86 94 43 76 87 77 62 83 47 59 85 90 71 89 75 56 96 92 59 74 56 64 46 47 99 40 71 73 68 65 53 57 77 73 
1 4 5 5 6 6 7 8 8 9 9 10 11 12 13 14 14 16 16 18 18 20 20 21 23 25 25 25 26 27 27 28 31 33 36 37 40 51 63 51 78 50 46 84 92 43 57 67 70 89 94 89 83 72 99 48 75 76 97 86 90 61 44 77 51 72 86 94 43 76 87 77 62 83 47 59 85 90 71 89 75 56 96 92 59 74 56 64 46 47 99 99 71 73 68 65 53 57 77 73 
1 4 5 5 6 6 7 8 8 9 9 10 11 12 13 14 14 16 16 18 18 20 20 21 23 25 25 25 26 27 27 28 31 33 36 37 40 43 63 51 78 50 46 84 92 51 57 67 70 89 94 89 83 72 99 48 75 76 97 86 90 61 44 77 51 72 86 94 43 76 87 77 62 83 47 59 85 90 71 89 75 56 96 92 59 74 56 64 46 47 99 99 71 73 68 65 53 57 77 73 
1 4 5 5 6 6 7 8 8 9 9 10 11 12 13 14 14 16 16 18 18 20 20 21 23 25 25 25 26 27 27 28 31 33 36 37 40 43 43 51 78 50 46 84 92 51 57 67 70 89 94 89 83 72 99 48 75 76 97 86 90 61 44 77 51 72 86 94 63 76 87 77 62 83 47 59 85 90 71 89 75 56 96 92 59 74 56 64 46 47 99 99 71 73 68 65 53 57 77 73 
1 4 5 5 6 6 7 8 8 9 9 10 11 12 13 14 14 16 16 18 18 20 20 21 23 25 25 25 26 27 27 28 31 33 36 37 40 43 43 44 78 50 46 84 92 51 57 67 70 89 94 89 83 72 99 48 75 76 97 86 90 61 51 77 51 72 86 94 63 76 87 77 62 83 47 59 85 90 71 89 75 56 96 92 59 74 56 64 46 47 99 99 71 73 68 65 53 57 77 73 
1 4 5 5 6 6 7 8 8 9 9 10 11 12 13 14 14 16 16 18 18 20 20 21 23 25 25 25 26 27 27 28 31 33 36 37 40 43 43 44 46 50 78 84 92 51 57 67 70 89 94 89 83 72 99 48 75 76 97 86 90 61 51 77 51 72 86 94 63 76 87 77 62 83 47 59 85 90 71 89 75 56 96 92 59 74 56 64 46 47 99 99 71 73 68 65 53 57 77 73 
1 4 5 5 6 6 7 8 8 9 9 10 11 12 13 14 14 16 16 18 18 20 20 21 23 25 25 25 26 27 27 28 31 33 36 37 40 43 43 44 46 46 78 84 92 51 57 67 70 89 94 89 83 72 99 48 75 76 97 86 90 61 51 77 51 72 86 94 63 76 87 77 62 83 47 59 85 90 71 89 75 56 96 92 59 74 56 64 50 47 99 99 71 73 68 65 53 57 77 73 
1 4 5 5 6 6 7 8 8 9 9 10 11 12 13 14 14 16 16 18 18 20 20 21 23 25 25 25 26 27 27 28 31 33 36 37 40 43 43 44 46 46 47 84 92 51 57 67 70 89 94 89 83 72 99 48 75 76 97 86 90 61 51 77 51 72 86 94 63 76 87 77 62 83 78 59 85 90 71 89 75 56 96 92 59 74 56 64 50 47 99 99 71 73 68 65 53 57 77 73 
1 4 5 5 6 6 7 8 8 9 9 10 11 12 13 14 14 16 16 18 18 20 20 21 23 25 25 25 26 27 27 28 31 33 36 37 40 43 43 44 46 46 47 47 92 51 57 67 70 89 94 89 83 72 99 48 75 76 97 86 90 61 51 77 51 72 86 94 63 76 87 77 62 83 78 59 85 90 71 89 75 56 96 92 59 74 56 64 50 84 99 99 71 73 68 65 53 57 77 73 
1 4 5 5 6 6 7 8 8 9 9 10 11 12 13 14 14 16 16 18 18 20 20 21 23 25 25 25 26 27 27 28 31 33 36 37 40 43 43 44 46 46 47 47 48 51 57 67 70 89 94 89 83 72 99 92 75 76 97 86 90 61 51 77 51 72 86 94 63 76 87 77 62 83 78 59 85 90 71 89 75 56 96 92 59 74 56 64 50 84 99 99 71 73 68 65 53 57 77 73 
1 4 5 5 6 6 7 8 8 9 9 10 11 12 13 14 14 16 16 18 18 20 20 21 23 25 25 25 26 27 27 28 31 33 36 37 40 43 43 44 46 46 47 47 48 50 57 67 70 89 94 89 83 72 99 92 75 76 97 86 90 61 51 77 51 72 86 94 63 76 87 77 62 83 78 59 85 90 71 89 75 56 96 92 59 74 56 64 51 84 99 99 71 73 68 65 53 57 77 73 
1 4 5 5 6 6 7 8 8 9 9 10 11 12 13 14 14 16 16 18 18 20 20 21 23 25 25 25 26 27 27 28 31 33 36 37 40 43 43 44 46 46 47 47 48 50 51 67 70 89 94 89 83 72 99 92 75 76 97 86 90 61 57 77 51 72 86 94 63 76 87 77 62 83 78 59 85 90 71 89 75 56 96 92 59 74 56 64 51 84 99 99 71 73 68 65 53 57 77 73 
1 4 5 5 6 6 7 8 8 9 9 10 11 12 13 14 14 16 16 18 18 20 20 21 23 25 25 25 26 27 27 28 31 33 36 37 40 43 43 44 46 46 47 47 48 50 51 51 70 89 94 89 83 72 99 92 75 76 97 86 90 61 57 77 67 72 86 94 63 76 87 77 62 83 78 59 85 90 71 89 75 56 96 92 59 74 56 64 51 84 99 99 71 73 68 65 53 57 77 73 
1 4 5 5 6 6 7 8 8 9 9 10 11 12 13 14 14 16 16 18 18 20 20 21 23 25 25 25 26 27 27 28 31 33 36 37 40 43 43 44 46 46 47 47 48 50 51 51 51 89 94 89 83 72 99 92 75 76 97 86 90 61 57 77 67 72 86 94 63 76 87 77 62 83 78 59 85 90 71 89 75 56 96 92 59 74 56 64 70 84 99 99 71 73 68 65 53 57 77 73 
1 4 5 5 6 6 7 8 8 9 9 10 11 12 13 14 14 16 16 18 18 20 20 21 23 25 25 25 26 27 27 28 31 33 36 37 40 43 43 44 46 46 47 47 48 50 51 51 51 53 94 89 83 72 99 92 75 76 97 86 90 61 57 77 67 72 86 94 63 76 87 77 62 83 78 59 85 90 71 89 75 56 96 92 59 74 56 64 70 84 99 99 71 73 68 65 89 57 77 73 
1 4 5 5 6 6 7 8 8 9 9 10 11 12 13 14 14 16 16 18 18 20 20 21 23 25 25 25 26 27 27 28 31 33 36 37 40 43 43 44 46 46 47 47 48 50 51 51 51 53 56 89 83 72 99 92 75 76 97 86 90 61 57 77 67 72 86 94 63 76 87 77 62 83 78 59 85 90 71 89 75 94 96 92 59 74 56 64 70 84 99 99 71 73 68 65 89 57 77 73 
1 4 5 5 6 6 7 8 8 9 9 10 11 12 13 14 14 16 16 18 18 20 20 21 23 25 25 25 26 27 27 28 31 33 36 37 40 43 43 44 46 46 47 47 48 50 51 51 51 53 56 56 83 72 99 92 75 76 97 86 90 61 57 77 67 72 86 94 63 76 87 77 62 83 78 59 85 90 71 89 75 94 96 92 59 74 89 64 70 84 99 99 71 73 68 65 89 57 77 73 
1 4 5 5 6 6 7 8 8 9 9 10 11 12 13 14 14 16 16 18 18 20 20 21 23 25 25 25 26 27 27 28 31 33 36 37 40 43 43 44 46 46 47 47 48 50 51 51 51 53 56 56 57 72 99 92 75 76 97 86 90 61 83 77 67 72 86 94 63 76 87 77 62 83 78 59 85 90 71 89 75 94 96 92 59 74 89 64 70 84 99 99 71 73 68 65 89 57 77 73 
1 4 5 5 6 6 7 8 8 9 9 10 11 12 13 14 14 16 16 18 18 20 20 21 23 25 25 25 26 27 27 28 31 33 36 37 40 43 43 44 46 46 47 47 48 50 51 51 51 53 56 56 57 57 99 92 75 76 97 86 90 61 83 77 67 72 86 94 63 76 87 77 62 83 78 59 85 90 71 89 75 94 96 92 59 74 89 64 70 84 99 99 71 73 68 65 89 72 77 73 
1 4 5 5 6 6 7 8 8 9 9 10 11 12 13 14 14 16 16 18 18 20 20 21 23 25 25 25 26 27 27 28 31 33 36 37 40 43 43 44 46 46 47 47 48 50 51 51 51 53 56 56 57 57 59 92 75 76 97 86 90 61 83 77 67 72 86 94 63 76 87 77 62 83 78 99 85 90 71 89 75 94 96 92 59 74 89 64 70 84 99 99 71 73 68 65 89 72 77 73 
1 4 5 5 6 6 7 8 8 9 9 10 11 12 13 14 14 16 16 18 18 20 20 21 23 25 25 25 26 27 27 28 31 33 36 37 40 43 43 44 46 46 47 47 48 50 51 51 51 53 56 56 57 57 59 59 75 76 97 86 90 61 83 77 67 72 86 94 63 76 87 77 62 83 78 99 85 90 71 89 75 94 96 92 92 74 89 64 70 84 99 99 71 73 68 65 89 72 77 73 
1 4 5 5 6 6 7 8 8 9 9 10 11 12 13 14 14 16 16 18 18 20 20 21 23 25 25 25 26 27 27 28 31 33 36 37 40 43 43 44 46 46 47 47 48 50 51 51 51 53 56 56 57 57 59 59 61 76 97 86 90 75 83 77 67 72 86 94 63 76 87 77 62 83 78 99 85 90 71 89 75 94 96 92 92 74 89 64 70 84 99 99 71 73 68 65 89 72 77 73 
1 4 5 5 6 6 7 8 8 9 9 10 11 12 13 14 14 16 16 18 18 20 20 21 23 25 25 25 26 27 27 28 31 33 36 37 40 43 43 44 46 46 47 47 48 50 51 51 51 53 56 56 57 57 59 59 61 62 97 86 90 75 83 77 67 72 86 94 63 76 87 77 76 83 78 99 85 90 71 89 75 94 96 92 92 74 89 64 70 84 99 99 71 73 68 65 89 72 77 73 
1 4 5 5 6 6 7 8 8 9 9 10 11 12 13 14 14 16 16 18 18 20 20 21 23 25 25 25 26 27 27 28 31 33 36 37 40 43 43 44 46 46 47 47 48 50 51 51 51 53 56 56 57 57 59 59 61 62 63 86 90 75 83 77 67 72 86 94 97 76 87 77 76 83 78 99 85 90 71 89 75 94 96 92 92 74 89 64 70 84 99 99 71 73 68 65 89 72 77 73 
1 4 5 5 6 6 7 8 8 9 9 10 11 12 13 14 14 16 16 18 18 20 20 21 23 25 25 25 26 27 27 28 31 33 36 37 40 43 43 44 46 46 47 47 48 50 51 51 51 53 56 56 57 57 59 59 61 62 63 64 90 75 83 77 67 72 86 94 97 76 87 77 76 83 78 99 85 90 71 89 75 94 96 92 92 74 89 86 70 84 99 99 71 73 68 65 89 72 77 73 
1 4 5 5 6 6 7 8 8 9 9 10 11 12 13 14 14 16 16 18 18 20 20 21 23 25 25 25 26 27 27 28 31 33 36 37 40 43 43 44 46 46 47 47 48 50 51 51 51 53 56 56 57 57 59 59 61 62 63 64 65 75 83 77 67 72 86 94 97 76 87 77 76 83 78 99 85 90 71 89 75 94 96 92 92 74 89 86 70 84 99 99 71 73 68 90 89 72 77 73 
1 4 5 5 6 6 7 8 8 9 9 10 11 12 13 14 14 16 16 18 18 20 20 21 23 25 25 25 26 27 27 28 31 33 36 37 40 43 43 44 46 46 47 47 48 50 51 51 51 53 56 56 57 57 59 59 61 62 63 64 65 67 83 77 75 72 86 94 97 76 87 77 76 83 78 99 85 90 71 89 75 94 96 92 92 74 89 86 70 84 99 99 71 73 68 90 89 72 77 73 
1 4 5 5 6 6 7 8 8 9 9 10 11 12 13 14 14 16 16 18 18 20 20 21 23 25 25 25 26 27 27 28 31 33 36 37 40 43 43 44 46 46 47 47 48 50 51 51 51 53 56 56 57 57 59 59 61 62 63 64 65 67 68 77 75 72 86 94 97 76 87 77 76 83 78 99 85 90 71 89 75 94 96 92 92 74 89 86 70 84 99 99 71 73 83 90 89 72 77 73 
1 4 5 5 6 6 7 8 8 9 9 10 11 12 13 14 14 16 16 18 18 20 20 21 23 25 25 25 26 27 27 28 31 33 36 37 40 43 43 44 46 46 47 47 48 50 51 51 51 53 56 56 57 57 59 59 61 62 63 64 65 67 68 70 75 72 86 94 97 76 87 77 76 83 78 99 85 90 71 89 75 94 96 92 92 74 89 86 77 84 99 99 71 73 83 90 89 72 77 73 
1 4 5 5 6 6 7 8 8 9 9 10 11 12 13 14 14 16 16 18 18 20 20 21 23 25 25 25 26 27 27 28 31 33 36 37 40 43 43 44 46 46 47 47 48 50 51 51 51 53 56 56 57 57 59 59 61 62 63 64 65 67 68 70 71 72 86 94 97 76 87 77 76 83 78 99 85 90 75 89 75 94 96 92 92 74 89 86 77 84 99 99 71 73 83 90 89 72 77 73 
1 4 5 5 6 6 7 8 8 9 9 10 11 12 13 14 14 16 16 18 18 20 20 21 23 25 25 25 26 27 27 28 31 33 36 37 40 43 43 44 46 46 47 47 48 50 51 51 51 53 56 56 57 57 59 59 61 62 63 64 65 67 68 70 71 71 86 94 97 76 87 77 76 83 78 99 85 90 75 89 75 94 96 92 92 74 89 86 77 84 99 99 72 73 83 90 89 72 77 73 
1 4 5 5 6 6 7 8 8 9 9 10 11 12 13 14 14 16 16 18 18 20 20 21 23 25 25 25 26 27 27 28 31 33 36 37 40 43 43 44 46 46 47 47 48 50 51 51 51 53 56 56 57 57 59 59 61 62 63 64 65 67 68 70 71 71 72 94 97 76 87 77 76 83 78 99 85 90 75 89 75 94 96 92 92 74 89 86 77 84 99 99 86 73 83 90 89 72 77 73 
1 4 5 5 6 6 7 8 8 9 9 10 11 12 13 14 14 16 16 18 18 20 20 21 23 25 25 25 26 27 27 28 31 33 36 37 40 43 43 44 46 46 47 47 48 50 51 51 51 53 56 56 57 57 59 59 61 62 63 64 65 67 68 70 71 71 72 72 97 76 87 77 76 83 78 99 85 90 75 89 75 94 96 92 92 74 89 86 77 84 99 99 86 73 83 90 89 94 77 73 
1 4 5 5 6 6 7 8 8 9 9 10 11 12 13 14 14 16 16 18 18 20 20 21 23 25 25 25 26 27 27 28 31 33 36 37 40 43 43 44 46 46 47 47 48 50 51 51 51 53 56 56 57 57 59 59 61 62 63 64 65 67 68 70 71 71 72 72 73 76 87 77 76 83 78 99 85 90 75 89 75 94 96 92 92 74 89 86 77 84 99 99 86 97 83 90 89 94 77 73 
1 4 5 5 6 6 7 8 8 9 9 10 11 12 13 14 14 16 16 18 18 20 20 21 23 25 25 25 26 27 27 28 31 33 36 37 40 43 43 44 46 46 47 47 48 50 51 51 51 53 56 56 57 57 59 59 61 62 63 64 65 67 68 70 71 71 72 72 73 73 87 77 76 83 78 99 85 90 75 89 75 94 96 92 92 74 89 86 77 84 99 99 86 97 83 90 89 94 77 76 
1 4 5 5 6 6 7 8 8 9 9 10 11 12 13 14 14 16 16 18 18 20 20 21 23 25 25 25 26 27 27 28 31 33 36 37 40 43 43 44 46 46 47 47 48 50 51 51 51 53 56 56 57 57 59 59 61 62 63 64 65 67 68 70 71 71 72 72 73 73 74 77 76 83 78 99 85 90 75 89 75 94 96 92 92 87 89 86 77 84 99 99 86 97 83 90 89 94 77 76 
1 4 5 5 6 6 7 8 8 9 9 10 11 12 13 14 14 16 16 18 18 20 20 21 23 25 25 25 26 27 27 28 31 33 36 37 40 43 43 44 46 46 47 47 48 50 51 51 51 53 56 56 57 57 59 59 61 62 63 64 65 67 68 70 71 71 72 72 73 73 74 75 76 83 78 99 85 90 77 89 75 94 96 92 92 87 89 86 77 84 99 99 86 97 83 90 89 94 77 76 
1 4 5 5 6 6 7 8 8 9 9 10 11 12 13 14 14 16 16 18 18 20 20 21 23 25 25 25 26 27 27 28 31 33 36 37 40 43 43 44 46 46 47 47 48 50 51 51 51 53 56 56 57 57 59 59 61 62 63 64 65 67 68 70 71 71 72 72 73 73 74 75 75 83 78 99 85 90 77 89 76 94 96 92 92 87 89 86 77 84 99 99 86 97 83 90 89 94 77 76 
1 4 5 5 6 6 7 8 8 9 9 10 11 12 13 14 14 16 16 18 18 20 20 21 23 25 25 25 26 27 27 28 31 33 36 37 40 43 43 44 46 46 47 47 48 50 51 51 51 53 56 56 57 57 59 59 61 62 63 64 65 67 68 70 71 71 72 72 73 73 74 75 75 76 78 99 85 90 77 89 83 94 96 92 92 87 89 86 77 84 99 99 86 97 83 90 89 94 77 76 
1 4 5 5 6 6 7 8 8 9 9 10 11 12 13 14 14 16 16 18 18 20 20 21 23 25 25 25 26 27 27 28 31 33 36 37 40 43 43 44 46 46 47 47 48 50 51 51 51 53 56 56 57 57 59 59 61 62 63 64 65 67 68 70 71 71 72 72 73 73 74 75 75 76 76 99 85 90 77 89 83 94 96 92 92 87 89 86 77 84 99 99 86 97 83 90 89 94 77 78 
1 4 5 5 6 6 7 8 8 9 9 10 11 12 13 14 14 16 16 18 18 20 20 21 23 25 25 25 26 27 27 28 31 33 36 37 40 43 43 44 46 46 47 47 48 50 51 51 51 53 56 56 57 57 59 59 61 62 63 64 65 67 68 70 71 71 72 72 73 73 74 75 75 76 76 77 85 90 99 89 83 94 96 92 92 87 89 86 77 84 99 99 86 97 83 90 89 94 77 78 
1 4 5 5 6 6 7 8 8 9 9 10 11 12 13 14 14 16 16 18 18 20 20 21 23 25 25 25 26 27 27 28 31 33 36 37 40 43 43 44 46 46 47 47 48 50 51 51 51 53 56 56 57 57 59 59 61 62 63 64 65 67 68 70 71 71 72 72 73 73 74 75 75 76 76 77 77 90 99 89 83 94 96 92 92 87 89 86 85 84 99 99 86 97 83 90 89 94 77 78 
1 4 5 5 6 6 7 8 8 9 9 10 11 12 13 14 14 16 16 18 18 20 20 21 23 25 25 25 26 27 27 28 31 33 36 37 40 43 43 44 46 46 47 47 48 50 51 51 51 53 56 56 57 57 59 59 61 62 63 64 65 67 68 70 71 71 72 72 73 73 74 75 75 76 76 77 77 77 99 89 83 94 96 92 92 87 89 86 85 84 99 99 86 97 83 90 89 94 90 78 
1 4 5 5 6 6 7 8 8 9 9 10 11 12 13 14 14 16 16 18 18 20 20 21 23 25 25 25 26 27 27 28 31 33 36 37 40 43 43 44 46 46 47 47 48 50 51 51 51 53 56 56 57 57 59 59 61 62 63 64 65 67 68 70 71 71 72 72 73 73 74 75 75 76 76 77 77 77 78 89 83 94 96 92 92 87 89 86 85 84 99 99 86 97 83 90 89 94 90 99 
1 4 5 5 6 6 7 8 8 9 9 10 11 12 13 14 14 16 16 18 18 20 20 21 23 25 25 25 26 27 27 28 31 33 36 37 40 43 43 44 46 46 47 47 48 50 51 51 51 53 56 56 57 57 59 59 61 62 63 64 65 67 68 70 71 71 72 72 73 73 74 75 75 76 76 77 77 77 78 83 89 94 96 92 92 87 89 86 85 84 99 99 86 97 83 90 89 94 90 99 
1 4 5 5 6 6 7 8 8 9 9 10 11 12 13 14 14 16 16 18 18 20 20 21 23 25 25 25 26 27 27 28 31 33 36 37 40 43 43 44 46 46 47 47 48 50 51 51 51 53 56 56 57 57 59 59 61 62 63 64 65 67 68 70 71 71 72 72 73 73 74 75 75 76 76 77 77 77 78 83 83 94 96 92 92 87 89 86 85 84 99 99 86 97 89 90 89 94 90 99 
1 4 5 5 6 6 7 8 8 9 9 10 11 12 13 14 14 16 16 18 18 20 20 21 23 25 25 25 26 27 27 28 31 33 36 37 40 43 43 44 46 46 47 47 48 50 51 51 51 53 56 56 57 57 59 59 61 62 63 64 65 67 68 70 71 71 72 72 73 73 74 75 75 76 76 77 77 77 78 83 83 84 96 92 92 87 89 86 85 94 99 99 86 97 89 90 89 94 90 99 
1 4 5 5 6 6 7 8 8 9 9 10 11 12 13 14 14 16 16 18 18 20 20 21 23 25 25 25 26 27 27 28 31 33 36 37 40 43 43 44 46 46 47 47 48 50 51 51 51 53 56 56 57 57 59 59 61 62 63 64 65 67 68 70 71 71 72 72 73 73 74 75 75 76 76 77 77 77 78 83 83 84 85 92 92 87 89 86 96 94 99 99 86 97 89 90 89 94 90 99 
1 4 5 5 6 6 7 8 8 9 9 10 11 12 13 14 14 16 16 18 18 20 20 21 23 25 25 25 26 27 27 28 31 33 36 37 40 43 43 44 46 46 47 47 48 50 51 51 51 53 56 56 57 57 59 59 61 62 63 64 65 67 68 70 71 71 72 72 73 73 74 75 75 76 76 77 77 77 78 83 83 84 85 86 92 87 89 92 96 94 99 99 86 97 89 90 89 94 90 99 
1 4 5 5 6 6 7 8 8 9 9 10 11 12 13 14 14 16 16 18 18 20 20 21 23 25 25 25 26 27 27 28 31 33 36 37 40 43 43 44 46 46 47 47 48 50 51 51 51 53 56 56 57 57 59 59 61 62 63 64 65 67 68 70 71 71 72 72 73 73 74 75 75 76 76 77 77 77 78 83 83 84 85 86 86 87 89 92 96 94 99 99 92 97 89 90 89 94 90 99 
1 4 5 5 6 6 7 8 8 9 9 10 11 12 13 14 14 16 16 18 18 20 20 21 23 25 25 25 26 27 27 28 31 33 36 37 40 43 43 44 46 46 47 47 48 50 51 51 51 53 56 56 57 57 59 59 61 62 63 64 65 67 68 70 71 71 72 72 73 73 74 75 75 76 76 77 77 77 78 83 83 84 85 86 86 87 89 89 96 94 99 99 92 97 92 90 89 94 90 99 
1 4 5 5 6 6 7 8 8 9 9 10 11 12 13 14 14 16 16 18 18 20 20 21 23 25 25 25 26 27 27 28 31 33 36 37 40 43 43 44 46 46 47 47 48 50 51 51 51 53 56 56 57 57 59 59 61 62 63 64 65 67 68 70 71 71 72 72 73 73 74 75 75 76 76 77 77 77 78 83 83 84 85 86 86 87 89 89 89 94 99 99 92 97 92 90 96 94 90 99 
1 4 5 5 6 6 7 8 8 9 9 10 11 12 13 14 14 16 16 18 18 20 20 21 23 25 25 25 26 27 27 28 31 33 36 37 40 43 43 44 46 46 47 47 48 50 51 51 51 53 56 56 57 57 59 59 61 62 63 64 65 67 68 70 71 71 72 72 73 73 74 75 75 76 76 77 77 77 78 83 83 84 85 86 86 87 89 89 89 90 99 99 92 97 92 94 96 94 90 99 
1 4 5 5 6 6 7 8 8 9 9 10 11 12 13 14 14 16 16 18 18 20 20 21 23 25 25 25 26 27 27 28 31 33 36 37 40 43 43 44 46 46 47 47 48 50 51 51 51 53 56 56 57 57 59 59 61 62 63 64 65 67 68 70 71 71 72 72 73 73 74 75 75 76 76 77 77 77 78 83 83 84 85 86 86 87 89 89 89 90 90 99 92 97 92 94 96 94 99 99 
1 4 5 5 6 6 7 8 8 9 9 10 11 12 13 14 14 16 16 18 18 20 20 21 23 25 25 25 26 27 27 28 31 33 36 37 40 43 43 44 46 46 47 47 48 50 51 51 51 53 56 56 57 57 59 59 61 62 63 64 65 67 68 70 71 71 72 72 73 73 74 75 75 76 76 77 77 77 78 83 83 84 85 86 86 87 89 89 89 90 90 92 99 97 92 94 96 94 99 99 
1 4 5 5 6 6 7 8 8 9 9 10 11 12 13 14 14 16 16 18 18 20 20 21 23 25 25 25 26 27 27 28 31 33 36 37 40 43 43 44 46 46 47 47 48 50 51 51 51 53 56 56 57 57 59 59 61 62 63 64 65 67 68 70 71 71 72 72 73 73 74 75 75 76 76 77 77 77 78 83 83 84 85 86 86 87 89 89 89 90 90 92 92 97 99 94 96 94 99 99 
1 4 5 5 6 6 7 8 8 9 9 10 11 12 13 14 14 16 16 18 18 20 20 21 23 25 25 25 26 27 27 28 31 33 36 37 40 43 43 44 46 46 47 47 48 50 51 51 51 53 56 56 57 57 59 59 61 62 63 64 65 67 68 70 71 71 72 72 73 73 74 75 75 76 76 77 77 77 78 83 83 84 85 86 86 87 89 89 89 90 90 92 92 94 99 97 96 94 99 99 
1 4 5 5 6 6 7 8 8 9 9 10 11 12 13 14 14 16 16 18 18 20 20 21 23 25 25 25 26 27 27 28 31 33 36 37 40 43 43 44 46 46 47 47 48 50 51 51 51 53 56 56 57 57 59 59 61 62 63 64 65 67 68 70 71 71 72 72 73 73 74 75 75 76 76 77 77 77 78 83 83 84 85 86 86 87 89 89 89 90 90 92 92 94 94 97 96 99 99 99 
1 4 5 5 6 6 7 8 8 9 9 10 11 12 13 14 14 16 16 18 18 20 20 21 23 25 25 25 26 27 27 28 31 33 36 37 40 43 43 44 46 46 47 47 48 50 51 51 51 53 56 56 57 57 59 59 61 62 63 64 65 67 68 70 71 71 72 72 73 73 74 75 75 76 76 77 77 77 78 83 83 84 85 86 86 87 89 89 89 90 90 92 92 94 94 96 97 99 99 99 
1 53 9 79 97 29 15 42 6 21 99 44 16 90 33 24 72 38 42 56 77 59 12 92 34 6 63 80 84 27 14 95 41 68 60 24 63 93 27 79 89 93 5 94 84 11 30 76 79 26 43 8 56 15 92 96 61 49 86 9 75 44 5 72 83 11 75 90 90 83 10 3 86 15 76 79 97 76 1 8 75 67 14 14 48 43 20 100 98 25 79 9 100 70 72 23 47 52 67 5 
1 1 9 79 97 29 15 42 6 21 99 44 16 90 33 24 72 38 42 56 77 59 12 92 34 6 63 80 84 27 14 95 41 68 60 24 63 93 27 79 89 93 5 94 84 11 30 76 79 26 43 8 56 15 92 96 61 49 86 9 75 44 5 72 83 11 75 90 90 83 10 3 86 15 76 79 97 76 53 8 75 67 14 14 48 43 20 100 98 25 79 9 100 70 72 23 47 52 67 5 
1 1 3 79 97 29 15 42 6 21 99 44 16 90 33 24 72 38 42 56 77 59 12 92 34 6 63 80 84 27 14 95 41 68 60 24 63 93 27 79 89 93 5 94 84 11 30 76 79 26 43 8 56 15 92 96 61 49 86 9 75 44 5 72 83 11 75 90 90 83 10 9 86 15 76 79 97 76 53 8 75 67 14 14 48 43 20 100 98 25 79 9 100 70 72 23 47 52 67 5 
1 1 3 5 97 29 15 42 6 21 99 44 16 90 33 24 72 38 42 56 77 59 12 92 34 6 63 80 84 27 14 95 41 68 60 24 63 93 27 79 89 93 79 94 84 11 30 76 79 26 43 8 56 15 92 96 61 49 86 9 75 44 5 72 83 11 75 90 90 83 10 9 86 15 76 79 97 76 53 8 75 67 14 14 48 43 20 100 98 25 79 9 100 70 72 23 47 52 67 5 
1 1 3 5 5 29 15 42 6 21 99 44 16 90 33 24 72 38 42 56 77 59 12 92 34 6 63 80 84 27 14 95 41 68 60 24 63 93 27 79 89 93 79 94 84 11 30 76 79 26 43 8 56 15 92 96 61 49 86 9 75 44 97 72 83 11 75 90 90 83 10 9 86 15 76 79 97 76 53 8 75 67 14 14 48 43 20 100 98 25 79 9 100 70 72 23 47 52 67 5 
1 1 3 5 5 5 15 42 6 21 99 44 16 90 33 24 72 38 42 56 77 59 12 92 34 6 63 80 84 27 14 95 41 68 60 24 63 93 27 79 89 93 79 94 84 11 30 76 79 26 43 8 56 15 92 96 61 49 86 9 75 44 97 72 83 11 75 90 90 83 10 9 86 15 76 79 97 76 53 8 75 67 14 14 48 43 20 100 98 25 79 9 100 70 72 23 47 52 67 29 
1 1 3 5 5 5 6 42 15 21 99 44 16 90 33 24 72 38 42 56 77 59 12 92 34 6 63 80 84 27 14 95 41 68 60 24 63 93 27 79 89 93 79 94 84 11 30 76 79 26 43 8 56 15 92 96 61 49 86 9 75 44 97 72 83 11 75 90 90 83 10 9 86 15 76 79 97 76 53 8 75 67 14 14 48 43 20 100 98 25 79 9 100 70 72 23 47 52 67 29 
1 1 3 5 5 5 6 6 15 21 99 44 16 90 33 24 72 38 42 56 77 59 12 92 34 42 63 80 84 27 14 95 41 68 60 24 63 93 27 79 89 93 79 94 84 11 30 76 79 26 43 8 56 15 92 96 61 49 86 9 75 44 97 72 83 11 75 90 90 83 10 9 86 15 76 79 97 76 53 8 75 67 14 14 48 43 20 100 98 25 79 9 100 70 72 23 47 52 67 29 
1 1 3 5 5 5 6 6 8 21 99 44 16 90 33 24 72 38 42 56 77 59 12 92 34 42 63 80 84 27 14 95 41 68 60 24 63 93 27 79 89 93 79 94 84 11 30 76 79 26 43 15 56 15 92 96 61 49 86 9 75 44 97 72 83 11 75 90 90 83 10 9 86 15 76 79 97 76 53 8 75 67 14 14 48 43 20 100 98 25 79 9 100 70 72 23 47 52 67 29 
1 1 3 5 5 5 6 6 8 8 99 44 16 90 33 24 72 38 42 56 77 59 12 92 34 42 63 80 84 27 14 95 41 68 60 24 63 93 27 79 89 93 79 94 84 11 30 76 79 26 43 15 56 15 92 96 61 49 86 9 75 44 97 72 83 11 75 90 90 83 10 9 86 15 76 79 97 76 53 21 75 67 14 14 48 43 20 100 98 25 79 9 100 70 72 23 47 52 67 29 
1 1 3 5 5 5 6 6 8 8 9 44 16 90 33 24 72 38 42 56 77 59 12 92 34 42 63 80 84 27 14 95 41 68 60 24 63 93 27 79 89 93 79 94 84 11 30 76 79 26 43 15 56 15 92 96 61 49 86 99 75 44 97 72 83 11 75 90 90 83 10 9 86 15 76 79 97 76 53 21 75 67 14 14 48 43 20 100 98 25 79 9 100 70 72 23 47 52 67 29 
1 1 3 5 5 5 6 6 8 8 9 9 16 90 33 24 72 38 42 56 77 59 12 92 34 42 63 80 84 27 14 95 41 68 60 24 63 93 27 79 89 93 79 94 84 11 30 76 79 26 43 15 56 15 92 96 61 49 86 99 75 44 97 72 83 11 75 90 90 83 10 44 86 15 76 79 97 76 53 21 75 67 14 14 48 43 20 100 98 25 79 9 100 70 72 23 47 52 67 29 
1 1 3 5 5 5 6 6 8 8 9 9 9 90 33 24 72 38 42 56 77 59 12 92 34 42 63 80 84 27 14 95 41 68 60 24 63 93 27 79 89 93 79 94 84 11 30 76 79 26 43 15 56 15 92 96 61 49 86 99 75 44 97 72 83 11 75 90 90 83 10 44 86 15 76 79 97 76 53 21 75 67 14 14 48 43 20 100 98 25 79 16 100 70 72 23 47 52 67 29 
1 1 3 5 5 5 6 6 8 8 9 9 9 10 33 24 72 38 42 56 77 59 12 92 34 42 63 80 84 27 14 95 41 68 60 24 63 93 27 79 89 93 79 94 84 11 30 76 79 26 43 15 56 15 92 96 61 49 86 99 75 44 97 72 83 11 75 90 90 83 90 44 86 15 76 79 97 76 53 21 75 67 14 14 48 43 20 100 98 25 79 16 100 70 72 23 47 52 67 29 
1 1 3 5 5 5 6 6 8 8 9 9 9 10 11 24 72 38 42 56 77 59 12 92 34 42 63 80 84 27 14 95 41 68 60 24 63 93 27 79 89 93 79 94 84 33 30 76 79 26 43 15 56 15 92 96 61 49 86 99 75 44 97 72 83 11 75 90 90 83 90 44 86 15 76 79 97 76 53 21 75 67 14 14 48 43 20 100 98 25 79 16 100 70 72 23 47 52 67 29 
1 1 3 5 5 5 6 6 8 8 9 9 9 10 11 11 72 38 42 56 77 59 12 92 34 42 63 80 84 27 14 95 41 68 60 24 63 93 27 79 89 93 79 94 84 33 30 76 79 26 43 15 56 15 92 96 61 49 86 99 75 44 97 72 83 24 75 90 90 83 90 44 86 15 76 79 97 76 53 21 75 67 14 14 48 43 20 100 98 25 79 16 100 70 72 23 47 52 67 29 
1 1 3 5 5 5 6 6 8 8 9 9 9 10 11 11 12 38 42 56 77 59 72 92 34 42 63 80 84 27 14 95 41 68 60 24 63 93 27 79 89 93 79 94 84 33 30 76 79 26 43 15 56 15 92 96 61 49 86 99 75 44 97 72 83 24 75 90 90 83 90 44 86 15 76 79 97 76 53 21 75 67 14 14 48 43 20 100 98 25 79 16 100 70 72 23 47 52 67 29 
1 1 3 5 5 5 6 6 8 8 9 9 9 10 11 11 12 14 42 56 77 59 72 92 34 42 63 80 84 27 38 95 41 68 60 24 63 93 27 79 89 93 79 94 84 33 30 76 79 26 43 15 56 15 92 96 61 49 86 99 75 44 97 72 83 24 75 90 90 83 90 44 86 15 76 79 97 76 53 21 75 67 14 14 48 43 20 100 98 25 79 16 100 70 72 23 47 52 67 29 
1 1 3 5 5 5 6 6 8 8 9 9 9 10 11 11 12 14 14 56 77 59 72 92 34 42 63 80 84 27 38 95 41 68 60 24 63 93 27 79 89 93 79 94 84 33 30 76 79 26 43 15 56 15 92 96 61 49 86 99 75 44 97 72 83 24 75 90 90 83 90 44 86 15 76 79 97 76 53 21 75 67 42 14 48 43 20 100 98 25 79 16 100 70 72 23 47 52 67 29 
1 1 3 5 5 5 6 6 8 8 9 9 9 10 11 11 12 14 14 14 77 59 72 92 34 42 63 80 84 27 38 95 41 68 60 24 63 93 27 79 89 93 79 94 84 33 30 76 79 26 43 15 56 15 92 96 61 49 86 99 75 44 97 72 83 24 75 90 90 83 90 44 86 15 76 79 97 76 53 21 75 67 42 56 48 43 20 100 98 25 79 16 100 70 72 23 47 52 67 29 
1 1 3 5 5 5 6 6 8 8 9 9 9 10 11 11 12 14 14 14 15 59 72 92 34 42 63 80 84 27 38 95 41 68 60 24 63 93 27 79 89 93 79 94 84 33 30 76 79 26 43 77 56 15 92 96 61 49 86 99 75 44 97 72 83 24 75 90 90 83 90 44 86 15 76 79 97 76 53 21 75 67 42 56 48 43 20 100 98 25 79 16 100 70 72 23 47 52 67 29 
1 1 3 5 5 5 6 6 8 8 9 9 9 10 11 11 12 14 14 14 15 15 72 92 34 42 63 80 84 27 38 95 41 68 60 24 63 93 27 79 89 93 79 94 84 33 30 76 79 26 43 77 56 59 92 96 61 49 86 99 75 44 97 72 83 24 75 90 90 83 90 44 86 15 76 79 97 76 53 21 75 67 42 56 48 43 20 100 98 25 79 16 100 70 72 23 47 52 67 29 
1 1 3 5 5 5 6 6 8 8 9 9 9 10 11 11 12 14 14 14 15 15 15 92 34 42 63 80 84 27 38 95 41 68 60 24 63 93 27 79 89 93 79 94 84 33 30 76 79 26 43 77 56 59 92 96 61 49 86 99 75 44 97 72 83 24 75 90 90 83 90 44 86 72 76 79 97 76 53 21 75 67 42 56 48 43 20 100 98 25 79 16 100 70 72 23 47 52 67 29 
1 1 3 5 5 5 6 6 8 8 9 9 9 10 11 11 12 14 14 14 15 15 15 16 34 42 63 80 84 27 38 95 41 68 60 24 63 93 27 79 89 93 79 94 84 33 30 76 79 26 43 77 56 59 92 96 61 49 86 99 75 44 97 72 83 24 75 90 90 83 90 44 86 72 76 79 97 76 53 21 75 67 42 56 48 43 20 100 98 25 79 92 100 70 72 23 47 52 67 29 
1 1 3 5 5 5 6 6 8 8 9 9 9 10 11 11 12 14 14 14 15 15 15 16 20 42 63 80 84 27 38 95 41 68 60 24 63 93 27 79 89 93 79 94 84 33 30 76 79 26 43 77 56 59 92 96 61 49 86 99 75 44 97 72 83 24 75 90 90 83 90 44 86 72 76 79 97 76 53 21 75 67 42 56 48 43 34 100 98 25 79 92 100 70 72 23 47 52 67 29 
1 1 3 5 5 5 6 6 8 8 9 9 9 10 11 11 12 14 14 14 15 15 15 16 20 21 63 80 84 27 38 95 41 68 60 24 63 93 27 79 89 93 79 94 84 33 30 76 79 26 43 77 56 59 92 96 61 49 86 99 75 44 97 72 83 24 75 90 90 83 90 44 86 72 76 79 97 76 53 42 75 67 42 56 48 43 34 100 98 25 79 92 100 70 72 23 47 52 67 29 
1 1 3 5 5 5 6 6 8 8 9 9 9 10 11 11 12 14 14 14 15 15 15 16 20 21 23 80 84 27 38 95 41 68 60 24 63 93 27 79 89 93 79 94 84 33 30 76 79 26 43 77 56 59 92 96 61 49 86 99 75 44 97 72 83 24 75 90 90 83 90 44 86 72 76 79 97 76 53 42 75 67 42 56 48 43 34 100 98 25 79 92 100 70 72 63 47 52 67 29 
1 1 3 5 5 5 6 6 8 8 9 9 9 10 11 11 12 14 14 14 15 15 15 16 20 21 23 24 84 27 38 95 41 68 60 80 63 93 27 79 89 93 79 94 84 33 30 76 79 26 43 77 56 59 92 96 61 49 86 99 75 44 97 72 83 24 75 90 90 83 90 44 86 72 76 79 97 76 53 42 75 67 42 56 48 43 34 100 98 25 79 92 100 70 72 63 47 52 67 29 
1 1 3 5 5 5 6 6 8 8 9 9 9 10 11 11 12 14 14 14 15 15 15 16 20 21 23 24 24 27 38 95 41 68 60 80 63 93 27 79 89 93 79 94 84 33 30 76 79 26 43 77 56 59 92 96 61 49 86 99 75 44 97 72 83 84 75 90 90 83 90 44 86 72 76 79 97 76 53 42 75 67 42 56 48 43 34 100 98 25 79 92 100 70 72 63 47 52 67 29 
1 1 3 5 5 5 6 6 8 8 9 9 9 10 11 11 12 14 14 14 15 15 15 16 20 21 23 24 24 25 38 95 41 68 60 80 63 93 27 79 89 93 79 94 84 33 30 76 79 26 43 77 56 59 92 96 61 49 86 99 75 44 97 72 83 84 75 90 90 83 90 44 86 72 76 79 97 76 53 42 75 67 42 56 48 43 34 100 98 27 79 92 100 70 72 63 47 52 67 29 
1 1 3 5 5 5 6 6 8 8 9 9 9 10 11 11 12 14 14 14 15 15 15 16 20 21 23 24 24 25 26 95 41 68 60 80 63 93 27 79 89 93 79 94 84 33 30 76 79 38 43 77 56 59 92 96 61 49 86 99 75 44 97 72 83 84 75 90 90 83 90 44 86 72 76 79 97 76 53 42 75 67 42 56 48 43 34 100 98 27 79 92 100 70 72 63 47 52 67 29 
1 1 3 5 5 5 6 6 8 8 9 9 9 10 11 11 12 14 14 14 15 15 15 16 20 21 23 24 24 25 26 27 41 68 60 80 63 93 95 79 89 93 79 94 84 33 30 76 79 38 43 77 56 59 92 96 61 49 86 99 75 44 97 72 83 84 75 90 90 83 90 44 86 72 76 79 97 76 53 42 75 67 42 56 48 43 34 100 98 27 79 92 100 70 72 63 47 52 67 29 
1 1 3 5 5 5 6 6 8 8 9 9 9 10 11 11 12 14 14 14 15 15 15 16 20 21 23 24 24 25 26 27 27 68 60 80 63 93 95 79 89 93 79 94 84 33 30 76 79 38 43 77 56 59 92 96 61 49 86 99 75 44 97 72 83 84 75 90 90 83 90 44 86 72 76 79 97 76 53 42 75 67 42 56 48 43 34 100 98 41 79 92 100 70 72 63 47 52 67 29 
1 1 3 5 5 5 6 6 8 8 9 9 9 10 11 11 12 14 14 14 15 15 15 16 20 21 23 24 24 25 26 27 27 29 60 80 63 93 95 79 89 93 79 94 84 33 30 76 79 38 43 77 56 59 92 96 61 49 86 99 75 44 97 72 83 84 75 90 90 83 90 44 86 72 76 79 97 76 53 42 75 67 42 56 48 43 34 100 98 41 79 92 100 70 72 63 47 52 67 68 
1 1 3 5 5 5 6 6 8 8 9 9 9 10 11 11 12 14 14 14 15 15 15 16 20 21 23 24 24 25 26 27 27 29 30 80 63 93 95 79 89 93 79 94 84 33 60 76 79 38 43 77 56 59 92 96 61 49 86 99 75 44 97 72 83 84 75 90 90 83 90 44 86 72 76 79 97 76 53 42 75 67 42 56 48 43 34 100 98 41 79 92 100 70 72 63 47 52 67 68 
1 1 3 5 5 5 6 6 8 8 9 9 9 10 11 11 12 14 14 14 15 15 15 16 20 21 23 24 24 25 26 27 27 29 30 33 63 93 95 79 89 93 79 94 84 80 60 76 79 38 43 77 56 59 92 96 61 49 86 99 75 44 97 72 83 84 75 90 90 83 90 44 86 72 76 79 97 76 53 42 75 67 42 56 48 43 34 100 98 41 79 92 100 70 72 63 47 52 67 68 
1 1 3 5 5 5 6 6 8 8 9 9 9 10 11 11 12 14 14 14 15 15 15 16 20 21 23 24 24 25 26 27 27 29 30 33 34 93 95 79 89 93 79 94 84 80 60 76 79 38 43 77 56 59 92 96 61 49 86 99 75 44 97 72 83 84 75 90 90 83 90 44 86 72 76 79 97 76 53 42 75 67 42 56 48 43 63 100 98 41 79 92 100 70 72 63 47 52 67 68 
1 1 3 5 5 5 6 6 8 8 9 9 9 10 11 11 12 14 14 14 15 15 15 16 20 21 23 24 24 25 26 27 27 29 30 33 34 38 95 79 89 93 79 94 84 80 60 76 79 93 43 77 56 59 92 96 61 49 86 99 75 44 97 72 83 84 75 90 90 83 90 44 86 72 76 79 97 76 53 42 75 67 42 56 48 43 63 100 98 41 79 92 100 70 72 63 47 52 67 68 
1 1 3 5 5 5 6 6 8 8 9 9 9 10 11 11 12 14 14 14 15 15 15 16 20 21 23 24 24 25 26 27 27 29 30 33 34 38 41 79 89 93 79 94 84 80 60 76 79 93 43 77 56 59 92 96 61 49 86 99 75 44 97 72 83 84 75 90 90 83 90 44 86 72 76 79 97 76 53 42 75 67 42 56 48 43 63 100 98 95 79 92 100 70 72 63 47 52 67 68 
1 1 3 5 5 5 6 6 8 8 9 9 9 10 11 11 12 14 14 14 15 15 15 16 20 21 23 24 24 25 26 27 27 29 30 33 34 38 41 42 89 93 79 94 84 80 60 76 79 93 43 77 56 59 92 96 61 49 86 99 75 44 97 72 83 84 75 90 90 83 90 44 86 72 76 79 97 76 53 79 75 67 42 56 48 43 63 100 98 95 79 92 100 70 72 63 47 52 67 68 
1 1 3 5 5 5 6 6 8 8 9 9 9 10 11 11 12 14 14 14 15 15 15 16 20 21 23 24 24 25 26 27 27 29 30 33 34 38 41 42 42 93 79 94 84 80 60 76 79 93 43 77 56 59 92 96 61 49 86 99 75 44 97 72 83 84 75 90 90 83 90 44 86 72 76 79 97 76 53 79 75 67 89 56 48 43 63 100 98 95 79 92 100 70 72 63 47 52 67 68 
1 1 3 5 5 5 6 6 8 8 9 9 9 10 11 11 12 14 14 14 15 15 15 16 20 21 23 24 24 25 26 27 27 29 30 33 34 38 41 42 42 43 79 94 84 80 60 76 79 93 93 77 56 59 92 96 61 49 86 99 75 44 97 72 83 84 75 90 90 83 90 44 86 72 76 79 97 76 53 79 75 67 89 56 48 43 63 100 98 95 79 92 100 70 72 63 47 52 67 68 
1 1 3 5 5 5 6 6 8 8 9 9 9 10 11 11 12 14 14 14 15 15 15 16 20 21 23 24 24 25 26 27 27 29 30 33 34 38 41 42 42 43 43 94 84 80 60 76 79 93 93 77 56 59 92 96 61 49 86 99 75 44 97 72 83 84 75 90 90 83 90 44 86 72 76 79 97 76 53 79 75 67 89 56 48 79 63 100 98 95 79 92 100 70 72 63 47 52 67 68 
1 1 3 5 5 5 6 6 8 8 9 9 9 10 11 11 12 14 14 14 15 15 15 16 20 21 23 24 24 25 26 27 27 29 30 33 34 38 41 42 42 43 43 44 84 80 60 76 79 93 93 77 56 59 92 96 61 49 86 99 75 94 97 72 83 84 75 90 90 83 90 44 86 72 76 79 97 76 53 79 75 67 89 56 48 79 63 100 98 95 79 92 100 70 72 63 47 52 67 68 
1 1 3 5 5 5 6 6 8 8 9 9 9 10 11 11 12 14 14 14 15 15 15 16 20 21 23 24 24 25 26 27 27 29 30 33 34 38 41 42 42 43 43 44 44 80 60 76 79 93 93 77 56 59 92 96 61 49 86 99 75 94 97 72 83 84 75 90 90 83 90 84 86 72 76 79 97 76 53 79 75 67 89 56 48 79 63 100 98 95 79 92 100 70 72 63 47 52 67 68 
1 1 3 5 5 5 6 6 8 8 9 9 9 10 11 11 12 14 14 14 15 15 15 16 20 21 23 24 24 25 26 27 27 29 30 33 34 38 41 42 42 43 43 44 44 47 60 76 79 93 93 77 56 59 92 96 61 49 86 99 75 94 97 72 83 84 75 90 90 83 90 84 86 72 76 79 97 76 53 79 75 67 89 56 48 79 63 100 98 95 79 92 100 70 72 63 80 52 67 68 
1 1 3 5 5 5 6 6 8 8 9 9 9 10 11 11 12 14 14 14 15 15 15 16 20 21 23 24 24 25 26 27 27 29 30 33 34 38 41 42 42 43 43 44 44 47 48 76 79 93 93 77 56 59 92 96 61 49 86 99 75 94 97 72 83 84 75 90 90 83 90 84 86 72 76 79 97 76 53 79 75 67 89 56 60 79 63 100 98 95 79 92 100 70 72 63 80 52 67 68 
1 1 3 5 5 5 6 6 8 8 9 9 9 10 11 11 12 14 14 14 15 15 15 16 20 21 23 24 24 25 26 27 27 29 30 33 34 38 41 42 42 43 43 44 44 47 48 49 79 93 93 77 56 59 92 96 61 76 86 99 75 94 97 72 83 84 75 90 90 83 90 84 86 72 76 79 97 76 53 79 75 67 89 56 60 79 63 100 98 95 79 92 100 70 72 63 80 52 67 68 
1 1 3 5 5 5 6 6 8 8 9 9 9 10 11 11 12 14 14 14 15 15 15 16 20 21 23 24 24 25 26 27 27 29 30 33 34 38 41 42 42 43 43 44 44 47 48 49 52 93 93 77 56 59 92 96 61 76 86 99 75 94 97 72 83 84 75 90 90 83 90 84 86 72 76 79 97 76 53 79 75 67 89 56 60 79 63 100 98 95 79 92 100 70 72 63 80 79 67 68 
1 1 3 5 5 5 6 6 8 8 9 9 9 10 11 11 12 14 14 14 15 15 15 16 20 21 23 24 24 25 26 27 27 29 30 33 34 38 41 42 42 43 43 44 44 47 48 49 52 53 93 77 56 59 92 96 61 76 86 99 75 94 97 72 83 84 75 90 90 83 90 84 86 72 76 79 97 76 93 79 75 67 89 56 60 79 63 100 98 95 79 92 100 70 72 63 80 79 67 68 
1 1 3 5 5 5 6 6 8 8 9 9 9 10 11 11 12 14 14 14 15 15 15 16 20 21 23 24 24 25 26 27 27 29 30 33 34 38 41 42 42 43 43 44 44 47 48 49 52 53 56 77 93 59 92 96 61 76 86 99 75 94 97 72 83 84 75 90 90 83 90 84 86 72 76 79 97 76 93 79 75 67 89 56 60 79 63 100 98 95 79 92 100 70 72 63 80 79 67 68 
1 1 3 5 5 5 6 6 8 8 9 9 9 10 11 11 12 14 14 14 15 15 15 16 20 21 23 24 24 25 26 27 27 29 30 33 34 38 41 42 42 43 43 44 44 47 48 49 52 53 56 56 93 59 92 96 61 76 86 99 75 94 97 72 83 84 75 90 90 83 90 84 86 72 76 79 97 76 93 79 75 67 89 77 60 79 63 100 98 95 79 92 100 70 72 63 80 79 67 68 
1 1 3 5 5 5 6 6 8 8 9 9 9 10 11 11 12 14 14 14 15 15 15 16 20 21 23 24 24 25 26 27 27 29 30 33 34 38 41 42 42 43 43 44 44 47 48 49 52 53 56 56 59 93 92 96 61 76 86 99 75 94 97 72 83 84 75 90 90 83 90 84 86 72 76 79 97 76 93 79 75 67 89 77 60 79 63 100 98 95 79 92 100 70 72 63 80 79 67 68 
1 1 3 5 5 5 6 6 8 8 9 9 9 10 11 11 12 14 14 14 15 15 15 16 20 21 23 24 24 25 26 27 27 29 30 33 34 38 41 42 42 43 43 44 44 47 48 49 52 53 56 56 59 60 92 96 61 76 86 99 75 94 97 72 83 84 75 90 90 83 90 84 86 72 76 79 97 76 93 79 75 67 89 77 93 79 63 100 98 95 79 92 100 70 72 63 80 79 67 68 
1 1 3 5 5 5 6 6 8 8 9 9 9 10 11 11 12 14 14 14 15 15 15 16 20 21 23 24 24 25 26 27 27 29 30 33 34 38 41 42 42 43 43 44 44 47 48 49 52 53 56 56 59 60 61 96 92 76 86 99 75 94 97 72 83 84 75 90 90 83 90 84 86 72 76 79 97 76 93 79 75 67 89 77 93 79 63 100 98 95 79 92 100 70 72 63 80 79 67 68 
1 1 3 5 5 5 6 6 8 8 9 9 9 10 11 11 12 14 14 14 15 15 15 16 20 21 23 24 24 25 26 27 27 29 30 33 34 38 41 42 42 43 43 44 44 47 48 49 52 53 56 56 59 60 61 63 92 76 86 99 75 94 97 72 83 84 75 90 90 83 90 84 86 72 76 79 97 76 93 79 75 67 89 77 93 79 96 100 98 95 79 92 100 70 72 63 80 79 67 68 
1 1 3 5 5 5 6 6 8 8 9 9 9 10 11 11 12 14 14 14 15 15 15 16 20 21 23 24 24 25 26 27 27 29 30 33 34 38 41 42 42 43 43 44 44 47 48 49 52 53 56 56 59 60 61 63 63 76 86 99 75 94 97 72 83 84 75 90 90 83 90 84 86 72 76 79 97 76 93 79 75 67 89 77 93 79 96 100 98 95 79 92 100 70 72 92 80 79 67 68 
1 1 3 5 5 5 6 6 8 8 9 9 9 10 11 11 12 14 14 14 15 15 15 16 20 21 23 24 24 25 26 27 27 29 30 33 34 38 41 42 42 43 43 44 44 47 48 49 52 53 56 56 59 60 61 63 63 67 86 99 75 94 97 72 83 84 75 90 90 83 90 84 86 72 76 79 97 76 93 79 75 76 89 77 93 79 96 100 98 95 79 92 100 70 72 92 80 79 67 68 
1 1 3 5 5 5 6 6 8 8 9 9 9 10 11 11 12 14 14 14 15 15 15 16 20 21 23 24 24 25 26 27 27 29 30 33 34 38 41 42 42 43 43 44 44 47 48 49 52 53 56 56 59 60 61 63 63 67 67 99 75 94 97 72 83 84 75 90 90 83 90 84 86 72 76 79 97 76 93 79 75 76 89 77 93 79 96 100 98 95 79 92 100 70 72 92 80 79 86 68 
1 1 3 5 5 5 6 6 8 8 9 9 9 10 11 11 12 14 14 14 15 15 15 16 20 21 23 24 24 25 26 27 27 29 30 33 34 38 41 42 42 43 43 44 44 47 48 49 52 53 56 56 59 60 61 63 63 67 67 68 75 94 97 72 83 84 75 90 90 83 90 84 86 72 76 79 97 76 93 79 75 76 89 77 93 79 96 100 98 95 79 92 100 70 72 92 80 79 86 99 
1 1 3 5 5 5 6 6 8 8 9 9 9 10 11 11 12 14 14 14 15 15 15 16 20 21 23 24 24 25 26 27 27 29 30 33 34 38 41 42 42 43 43 44 44 47 48 49 52 53 56 56 59 60 61 63 63 67 67 68 70 94 97 72 83 84 75 90 90 83 90 84 86 72 76 79 97 76 93 79 75 76 89 77 93 79 96 100 98 95 79 92 100 75 72 92 80 79 86 99 
1 1 3 5 5 5 6 6 8 8 9 9 9 10 11 11 12 14 14 14 15 15 15 16 20 21 23 24 24 25 26 27 27 29 30 33 34 38 41 42 42 43 43 44 44 47 48 49 52 53 56 56 59 60 61 63 63 67 67 68 70 72 97 94 83 84 75 90 90 83 90 84 86 72 76 79 97 76 93 79 75 76 89 77 93 79 96 100 98 95 79 92 100 75 72 92 80 79 86 99 
1 1 3 5 5 5 6 6 8 8 9 9 9 10 11 11 12 14 14 14 15 15 15 16 20 21 23 24 24 25 26 27 27 29 30 33 34 38 41 42 42 43 43 44 44 47 48 49 52 53 56 56 59 60 61 63 63 67 67 68 70 72 72 94 83 84 75 90 90 83 90 84 86 97 76 79 97 76 93 79 75 76 89 77 93 79 96 100 98 95 79 92 100 75 72 92 80 79 86 99 
1 1 3 5 5 5 6 6 8 8 9 9 9 10 11 11 12 14 14 14 15 15 15 16 20 21 23 24 24 25 26 27 27 29 30 33 34 38 41 42 42 43 43 44 44 47 48 49 52 53 56 56 59 60 61 63 63 67 67 68 70 72 72 72 83 84 75 90 90 83 90 84 86 97 76 79 97 76 93 79 75 76 89 77 93 79 96 100 98 95 79 92 100 75 94 92 80 79 86 99 
1 1 3 5 5 5 6 6 8 8 9 9 9 10 11 11 12 14 14 14 15 15 15 16 20 21 23 24 24 25 26 27 27 29 30 33 34 38 41 42 42 43 43 44 44 47 48 49 52 53 56 56 59 60 61 63 63 67 67 68 70 72 72 72 75 84 83 90 90 83 90 84 86 97 76 79 97 76 93 79 75 76 89 77 93 79 96 100 98 95 79 92 100 75 94 92 80 79 86 99 
1 1 3 5 5 5 6 6 8 8 9 9 9 10 11 11 12 14 14 14 15 15 15 16 20 21 23 24 24 25 26 27 27 29 30 33 34 38 41 42 42 43 43 44 44 47 48 49 52 53 56 56 59 60 61 63 63 67 67 68 70 72 72 72 75 75 83 90 90 83 90 84 86 97 76 79 97 76 93 79 84 76 89 77 93 79 96 100 98 95 79 92 100 75 94 92 80 79 86 99 
1 1 3 5 5 5 6 6 8 8 9 9 9 10 11 11 12 14 14 14 15 15 15 16 20 21 23 24 24 25 26 27 27 29 30 33 34 38 41 42 42 43 43 44 44 47 48 49 52 53 56 56 59 60 61 63 63 67 67 68 70 72 72 72 75 75 75 90 90 83 90 84 86 97 76 79 97 76 93 79 84 76 89 77 93 79 96 100 98 95 79 92 100 83 94 92 80 79 86 99 
1 1 3 5 5 5 6 6 8 8 9 9 9 10 11 11 12 14 14 14 15 15 15 16 20 21 23 24 24 25 26 27 27 29 30 33 34 38 41 42 42 43 43 44 44 47 48 49 52 53 56 56 59 60 61 63 63 67 67 68 70 72 72 72 75 75 75 76 90 83 90 84 86 97 90 79 97 76 93 79 84 76 89 77 93 79 96 100 98 95 79 92 100 83 94 92 80 79 86 99 
1 1 3 5 5 5 6 6 8 8 9 9 9 10 11 11 12 14 14 14 15 15 15 16 20 21 23 24 24 25 26 27 27 29 30 33 34 38 41 42 42 43 43 44 44 47 48 49 52 53 56 56 59 60 61 63 63 67 67 68 70 72 72 72 75 75 75 76 76 83 90 84 86 97 90 79 97 90 93 79 84 76 89 77 93 79 96 100 98 95 79 92 100 83 94 92 80 79 86 99 
1 1 3 5 5 5 6 6 8 8 9 9 9 10 11 11 12 14 14 14 15 15 15 16 20 21 23 24 24 25 26 27 27 29 30 33 34 38 41 42 42 43 43 44 44 47 48 49 52 53 56 56 59 60 61 63 63 67 67 68 70 72 72 72 75 75 75 76 76 76 90 84 86 97 90 79 97 90 93 79 84 83 89 77 93 79 96 100 98 95 79 92 100 83 94 92 80 79 86 99 
1 1 3 5 5 5 6 6 8 8 9 9 9 10 11 11 12 14 14 14 15 15 15 16 20 21 23 24 24 25 26 27 27 29 30 33 34 38 41 42 42 43 43 44 44 47 48 49 52 53 56 56 59 60 61 63 63 67 67 68 70 72 72 72 75 75 75 76 76 76 77 84 86 97 90 79 97 90 93 79 84 83 89 90 93 79 96 100 98 95 79 92 100 83 94 92 80 79 86 99 
1 1 3 5 5 5 6 6 8 8 9 9 9 10 11 11 12 14 14 14 15 15 15 16 20 21 23 24 24 25 26 27 27 29 30 33 34 38 41 42 42 43 43 44 44 47 48 49 52 53 56 56 59 60 61 63 63 67 67 68 70 72 72 72 75 75 75 76 76 76 77 79 86 97 90 84 97 90 93 79 84 83 89 90 93 79 96 100 98 95 79 92 100 83 94 92 80 79 86 99 
1 1 3 5 5 5 6 6 8 8 9 9 9 10 11 11 12 14 14 14 15 15 15 16 20 21 23 24 24 25 26 27 27 29 30 33 34 38 41 42 42 43 43 44 44 47 48 49 52 53 56 56 59 60 61 63 63 67 67 68 70 72 72 72 75 75 75 76 76 76 77 79 79 97 90 84 97 90 93 86 84 83 89 90 93 79 96 100 98 95 79 92 100 83 94 92 80 79 86 99 
1 1 3 5 5 5 6 6 8 8 9 9 9 10 11 11 12 14 14 14 15 15 15 16 20 21 23 24 24 25 26 27 27 29 30 33 34 38 41 42 42 43 43 44 44 47 48 49 52 53 56 56 59 60 61 63 63 67 67 68 70 72 72 72 75 75 75 76 76 76 77 79 79 79 90 84 97 90 93 86 84 83 89 90 93 97 96 100 98 95 79 92 100 83 94 92 80 79 86 99 
1 1 3 5 5 5 6 6 8 8 9 9 9 10 11 11 12 14 14 14 15 15 15 16 20 21 23 24 24 25 26 27 27 29 30 33 34 38 41 42 42 43 43 44 44 47 48 49 52 53 56 56 59 60 61 63 63 67 67 68 70 72 72 72 75 75 75 76 76 76 77 79 79 79 79 84 97 90 93 86 84 83 89 90 93 97 96 100 98 95 90 92 100 83 94 92 80 79 86 99 
1 1 3 5 5 5 6 6 8 8 9 9 9 10 11 11 12 14 14 14 15 15 15 16 20 21 23 24 24 25 26 27 27 29 30 33 34 38 41 42 42 43 43 44 44 47 48 49 52 53 56 56 59 60 61 63 63 67 67 68 70 72 72 72 75 75 75 76 76 76 77 79 79 79 79 79 97 90 93 86 84 83 89 90 93 97 96 100 98 95 90 92 100 83 94 92 80 84 86 99 
1 1 3 5 5 5 6 6 8 8 9 9 9 10 11 11 12 14 14 14 15 15 15 16 20 21 23 24 24 25 26 27 27 29 30 33 34 38 41 42 42 43 43 44 44 47 48 49 52 53 56 56 59 60 61 63 63 67 67 68 70 72 72 72 75 75 75 76 76 76 77 79 79 79 79 79 80 90 93 86 84 83 89 90 93 97 96 100 98 95 90 92 100 83 94 92 97 84 86 99 
1 1 3 5 5 5 6 6 8 8 9 9 9 10 11 11 12 14 14 14 15 15 15 16 20 21 23 24 24 25 26 27 27 29 30 33 34 38 41 42 42 43 43 44 44 47 48 49 52 53 56 56 59 60 61 63 63 67 67 68 70 72 72 72 75 75 75 76 76 76 77 79 79 79 79 79 80 83 93 86 84 90 89 90 93 97 96 100 98 95 90 92 100 83 94 92 97 84 86 99 
1 1 3 5 5 5 6 6 8 8 9 9 9 10 11 11 12 14 14 14 15 15 15 16 20 21 23 24 24 25 26 27 27 29 30 33 34 38 41 42 42 43 43 44 44 47 48 49 52 53 56 56 59 60 61 63 63 67 67 68 70 72 72 72 75 75 75 76 76 76 77 79 79 79 79 79 80 83 83 86 84 90 89 90 93 97 96 100 98 95 90 92 100 93 94 92 97 84 86 99 
1 1 3 5 5 5 6 6 8 8 9 9 9 10 11 11 12 14 14 14 15 15 15 16 20 21 23 24 24 25 26 27 27 29 30 33 34 38 41 42 42 43 43 44 44 47 48 49 52 53 56 56 59 60 61 63 63 67 67 68 70 72 72 72 75 75 75 76 76 76 77 79 79 79 79 79 80 83 83 84 86 90 89 90 93 97 96 100 98 95 90 92 100 93 94 92 97 84 86 99 
1 1 3 5 5 5 6 6 8 8 9 9 9 10 11 11 12 14 14 14 15 15 15 16 20 21 23 24 24 25 26 27 27 29 30 33 34 38 41 42 42 43 43 44 44 47 48 49 52 53 56 56 59 60 61 63 63 67 67 68 70 72 72 72 75 75 75 76 76 76 77 79 79 79 79 79 80 83 83 84 84 90 89 90 93 97 96 100 98 95 90 92 100 93 94 92 97 86 86 99 
1 1 3 5 5 5 6 6 8 8 9 9 9 10 11 11 12 14 14 14 15 15 15 16 20 21 23 24 24 25 26 27 27 29 30 33 34 38 41 42 42 43 43 44 44 47 48 49 52 53 56 56 59 60 61 63 63 67 67 68 70 72 72 72 75 75 75 76 76 76 77 79 79 79 79 79 80 83 83 84 84 86 89 90 93 97 96 100 98 95 90 92 100 93 94 92 97 90 86 99 
1 1 3 5 5 5 6 6 8 8 9 9 9 10 11 11 12 14 14 14 15 15 15 16 20 21 23 24 24 25 26 27 27 29 30 33 34 38 41 42 42 43 43 44 44 47 48 49 52 53 56 56 59 60 61 63 63 67 67 68 70 72 72 72 75 75 75 76 76 76 77 79 79 79 79 79 80 83 83 84 84 86 86 90 93 97 96 100 98 95 90 92 100 93 94 92 97 90 89 99 
1 1 3 5 5 5 6 6 8 8 9 9 9 10 11 11 12 14 14 14 15 15 15 16 20 21 23 24 24 25 26 27 27 29 30 33 34 38 41 42 42 43 43 44 44 47 48 49 52 53 56 56 59 60 61 63 63 67 67 68 70 72 72 72 75 75 75 76 76 76 77 79 79 79 79 79 80 83 83 84 84 86 86 89 93 97 96 100 98 95 90 92 100 93 94 92 97 90 90 99 
1 1 3 5 5 5 6 6 8 8 9 9 9 10 11 11 12 14 14 14 15 15 15 16 20 21 23 24 24 25 26 27 27 29 30 33 34 38 41 42 42 43 43 44 44 47 48 49 52 53 56 56 59 60 61 63 63 67 67 68 70 72 72 72 75 75 75 76 76 76 77 79 79 79 79 79 80 83 83 84 84 86 86 89 90 97 96 100 98 95 93 92 100 93 94 92 97 90 90 99 
1 1 3 5 5 5 6 6 8 8 9 9 9 10 11 11 12 14 14 14 15 15 15 16 20 21 23 24 24 25 26 27 27 29 30 33 34 38 41 42 42 43 43 44 44 47 48 49 52 53 56 56 59 60 61 63 63 67 67 68 70 72 72 72 75 75 75 76 76 76 77 79 79 79 79 79 80 83 83 84 84 86 86 89 90 90 96 100 98 95 93 92 100 93 94 92 97 97 90 99 
1 1 3 5 5 5 6 6 8 8 9 9 9 10 11 11 12 14 14 14 15 15 15 16 20 21 23 24 24 25 26 27 27 29 30 33 34 38 41 42 42 43 43 44 44 47 48 49 52 53 56 56 59 60 61 63 63 67 67 68 70 72 72 72 75 75 75 76 76 76 77 79 79 79 79 79 80 83 83 84 84 86 86 89 90 90 90 100 98 95 93 92 100 93 94 92 97 97 96 99 
1 1 3 5 5 5 6 6 8 8 9 9 9 10 11 11 12 14 14 14 15 15 15 16 20 21 23 24 24 25 26 27 27 29 30 33 34 38 41 42 42 43 43 44 44 47 48 49 52 53 56 56 59 60 61 63 63 67 67 68 70 72 72 72 75 75 75 76 76 76 77 79 79 79 79 79 80 83 83 84 84 86 86 89 90 90 90 92 98 95 93 100 100 93 94 92 97 97 96 99 
1 1 3 5 5 5 6 6 8 8 9 9 9 10 11 11 12 14 14 14 15 15 15 16 20 21 23 24 24 25 26 27 27 29 30 33 34 38 41 42 42 43 43 44 44 47 48 49 52 53 56 56 59 60 61 63 63 67 67 68 70 72 72 72 75 75 75 76 76 76 77 79 79 79 79 79 80 83 83 84 84 86 86 89 90 90 90 92 92 95 93 100 100 93 94 98 97 97 96 99 
1 1 3 5 5 5 6 6 8 8 9 9 9 10 11 11 12 14 14 14 15 15 15 16 20 21 23 24 24 25 26 27 27 29 30 33 34 38 41 42 42 43 43 44 44 47 48 49 52 53 56 56 59 60 61 63 63 67 67 68 70 72 72 72 75 75 75 76 76 76 77 79 79 79 79 79 80 83 83 84 84 86 86 89 90 90 90 92 92 93 95 100 100 93 94 98 97 97 96 99 
1 1 3 5 5 5 6 6 8 8 9 9 9 10 11 11 12 14 14 14 15 15 15 16 20 21 23 24 24 25 26 27 27 29 30 33 34 38 41 42 42 43 43 44 44 47 48 49 52 53 56 56 59 60 61 63 63 67 67 68 70 72 72 72 75 75 75 76 76 76 77 79 79 79 79 79 80 83 83 84 84 86 86 89 90 90 90 92 92 93 93 100 100 95 94 98 97 97 96 99 
1 1 3 5 5 5 6 6 8 8 9 9 9 10 11 11 12 14 14 14 15 15 15 16 20 21 23 24 24 25 26 27 27 29 30 33 34 38 41 42 42 43 43 44 44 47 48 49 52 53 56 56 59 60 61 63 63 67 67 68 70 72 72 72 75 75 75 76 76 76 77 79 79 79 79 79 80 83 83 84 84 86 86 89 90 90 90 92 92 93 93 94 100 95 100 98 97 97 96 99 
1 1 3 5 5 5 6 6 8 8 9 9 9 10 11 11 12 14 14 14 15 15 15 16 20 21 23 24 24 25 26 27 27 29 30 33 34 38 41 42 42 43 43 44 44 47 48 49 52 53 56 56 59 60 61 63 63 67 67 68 70 72 72 72 75 75 75 76 76 76 77 79 79 79 79 79 80 83 83 84 84 86 86 89 90 90 90 92 92 93 93 94 95 100 100 98 97 97 96 99 
1 1 3 5 5 5 6 6 8 8 9 9 9 10 11 11 12 14 14 14 15 15 15 16 20 21 23 24 24 25 26 27 27 29 30 33 34 38 41 42 42 43 43 44 44 47 48 49 52 53 56 56 59 60 61 63 63 67 67 68 70 72 72 72 75 75 75 76 76 76 77 79 79 79 79 79 80 83 83 84 84 86 86 89 90 90 90 92 92 93 93 94 95 96 100 98 97 97 100 99 
1 1 3 5 5 5 6 6 8 8 9 9 9 10 11 11 12 14 14 14 15 15 15 16 20 21 23 24 24 25 26 27 27 29 30 33 34 38 41 42 42 43 43 44 44 47 48 49 52 53 56 56 59 60 61 63 63 67 67 68 70 72 72 72 75 75 75 76 76 76 77 79 79 79 79 79 80 83 83 84 84 86 86 89 90 90 90 92 92 93 93 94 95 96 97 98 100 97 100 99 
1 1 3 5 5 5 6 6 8 8 9 9 9 10 11 11 12 14 14 14 15 15 15 16 20 21 23 24 24 25 26 27 27 29 30 33 34 38 41 42 42 43 43 44 44 47 48 49 52 53 56 56 59 60 61 63 63 67 67 68 70 72 72 72 75 75 75 76 76 76 77 79 79 79 79 79 80 83 83 84 84 86 86 89 90 90 90 92 92 93 93 94 95 96 97 97 100 98 100 99 
1 1 3 5 5 5 6 6 8 8 9 9 9 10 11 11 12 14 14 14 15 15 15 16 20 21 23 24 24 25 26 27 27 29 30 33 34 38 41 42 42 43 43 44 44 47 48 49 52 53 56 56 59 60 61 63 63 67 67 68 70 72 72 72 75 75 75 76 76 76 77 79 79 79 79 79 80 83 83 84 84 86 86 89 90 90 90 92 92 93 93 94 95 96 97 97 98 100 100 99 
1 1 3 5 5 5 6 6 8 8 9 9 9 10 11 11 12 14 14 14 15 15 15 16 20 21 23 24 24 25 26 27 27 29 30 33 34 38 41 42 42 43 43 44 44 47 48 49 52 53 56 56 59 60 61 63 63 67 67 68 70 72 72 72 75 75 75 76 76 76 77 79 79 79 79 79 80 83 83 84 84 86 86 89 90 90 90 92 92 93 93 94 95 96 97 97 98 99 100 100 
1 39 93 40 95 70 58 18 48 83 78 100 7 32 100 25 54 81 61 8 56 95 20 21 19 32 60 4 75 33 42 44 60 54 97 16 78 46 66 51 56 37 43 41 83 75 74 72 69 27 40 7 89 9 47 20 96 70 52 2 35 85 69 87 35 51 44 48 29 76 6 86 49 28 44 49 70 15 18 96 62 85 95 96 27 83 87 82 3 7 7 64 56 2 95 70 63 52 99 61 
1 2 93 40 95 70 58 18 48 83 78 100 7 32 100 25 54 81 61 8 56 95 20 21 19 32 60 4 75 33 42 44 60 54 97 16 78 46 66 51 56 37 43 41 83 75 74 72 69 27 40 7 89 9 47 20 96 70 52 39 35 85 69 87 35 51 44 48 29 76 6 86 49 28 44 49 70 15 18 96 62 85 95 96 27 83 87 82 3 7 7 64 56 2 95 70 63 52 99 61 
1 2 2 40 95 70 58 18 48 83 78 100 7 32 100 25 54 81 61 8 56 95 20 21 19 32 60 4 75 33 42 44 60 54 97 16 78 46 66 51 56 37 43 41 83 75 74 72 69 27 40 7 89 9 47 20 96 70 52 39 35 85 69 87 35 51 44 48 29 76 6 86 49 28 44 49 70 15 18 96 62 85 95 96 27 83 87 82 3 7 7 64 56 93 95 70 63 52 99 61 
1 2 2 3 95 70 58 18 48 83 78 100 7 32 100 25 54 81 61 8 56 95 20 21 19 32 60 4 75 33 42 44 60 54 97 16 78 46 66 51 56 37 43 41 83 75 74 72 69 27 40 7 89 9 47 20 96 70 52 39 35 85 69 87 35 51 44 48 29 76 6 86 49 28 44 49 70 15 18 96 62 85 95 96 27 83 87 82 40 7 7 64 56 93 95 70 63 52 99 61 
1 2 2 3 4 70 58 18 48 83 78 100 7 32 100 25 54 81 61 8 56 95 20 21 19 32 60 95 75 33 42 44 60 54 97 16 78 46 66 51 56 37 43 41 83 75 74 72 69 27 40 7 89 9 47 20 96 70 52 39 35 85 69 87 35 51 44 48 29 76 6 86 49 28 44 49 70 15 18 96 62 85 95 96 27 83 87 82 40 7 7 64 56 93 95 70 63 52 99 61 
1 2 2 3 4 6 58 18 48 83 78 100 7 32 100 25 54 81 61 8 56 95 20 21 19 32 60 95 75 33 42 44 60 54 97 16 78 46 66 51 56 37 43 41 83 75 74 72 69 27 40 7 89 9 47 20 96 70 52 39 35 85 69 87 35 51 44 48 29 76 70 86 49 28 44 49 70 15 18 96 62 85 95 96 27 83 87 82 40 7 7 64 56 93 95 70 63 52 99 61 
1 2 2 3 4 6 7 18 48 83 78 100 58 32 100 25 54 81 61 8 56 95 20 21 19 32 60 95 75 33 42 44 60 54 97 16 78 46 66 51 56 37 43 41 83 75 74 72 69 27 40 7 89 9 47 20 96 70 52 39 35 85 69 87 35 51 44 48 29 76 70 86 49 28 44 49 70 15 18 96 62 85 95 96 27 83 87 82 40 7 7 64 56 93 95 70 63 52 99 61 
1 2 2 3 4 6 7 7 48 83 78 100 58 32 100 25 54 81 61 8 56 95 20 21 19 32 60 95 75 33 42 44 60 54 97 16 78 46 66 51 56 37 43 41 83 75 74 72 69 27 40 18 89 9 47 20 96 70 52 39 35 85 69 87 35 51 44 48 29 76 70 86 49 28 44 49 70 15 18 96 62 85 95 96 27 83 87 82 40 7 7 64 56 93 95 70 63 52 99 61 
1 2 2 3 4 6 7 7 7 83 78 100 58 32 100 25 54 81 61 8 56 95 20 21 19 32 60 95 75 33 42 44 60 54 97 16 78 46 66 51 56 37 43 41 83 75 74 72 69 27 40 18 89 9 47 20 96 70 52 39 35 85 69 87 35 51 44 48 29 76 70 86 49 28 44 49 70 15 18 96 62 85 95 96 27 83 87 82 40 48 7 64 56 93 95 70 63 52 99 61 
1 2 2 3 4 6 7 7 7 7 78 100 58 32 100 25 54 81 61 8 56 95 20 21 19 32 60 95 75 33 42 44 60 54 97 16 78 46 66 51 56 37 43 41 83 75 74 72 69 27 40 18 89 9 47 20 96 70 52 39 35 85 69 87 35 51 44 48 29 76 70 86 49 28 44 49 70 15 18 96 62 85 95 96 27 83 87 82 40 48 83 64 56 93 95 70 63 52 99 61 
1 2 2 3 4 6 7 7 7 7 8 100 58 32 100 25 54 81 61 78 56 95 20 21 19 32 60 95 75 33 42 44 60 54 97 16 78 46 66 51 56 37 43 41 83 75 74 72 69 27 40 18 89 9 47 20 96 70 52 39 35 85 69 87 35 51 44 48 29 76 70 86 49 28 44 49 70 15 18 96 62 85 95 96 27 83 87 82 40 48 83 64 56 93 95 70 63 52 99 61 
1 2 2 3 4 6 7 7 7 7 8 9 58 32 100 25 54 81 61 78 56 95 20 21 19 32 60 95 75 33 42 44 60 54 97 16 78 46 66 51 56 37 43 41 83 75 74 72 69 27 40 18 89 100 47 20 96 70 52 39 35 85 69 87 35 51 44 48 29 76 70 86 49 28 44 49 70 15 18 96 62 85 95 96 27 83 87 82 40 48 83 64 56 93 95 70 63 52 99 61 
1 2 2 3 4 6 7 7 7 7 8 9 15 32 100 25 54 81 61 78 56 95 20 21 19 32 60 95 75 33 42 44 60 54 97 16 78 46 66 51 56 37 43 41 83 75 74 72 69 27 40 18 89 100 47 20 96 70 52 39 35 85 69 87 35 51 44 48 29 76 70 86 49 28 44 49 70 58 18 96 62 85 95 96 27 83 87 82 40 48 83 64 56 93 95 70 63 52 99 61 
1 2 2 3 4 6 7 7 7 7 8 9 15 16 100 25 54 81 61 78 56 95 20 21 19 32 60 95 75 33 42 44 60 54 97 32 78 46 66 51 56 37 43 41 83 75 74 72 69 27 40 18 89 100 47 20 96 70 52 39 35 85 69 87 35 51 44 48 29 76 70 86 49 28 44 49 70 58 18 96 62 85 95 96 27 83 87 82 40 48 83 64 56 93 95 70 63 52 99 61 
1 2 2 3 4 6 7 7 7 7 8 9 15 16 18 25 54 81 61 78 56 95 20 21 19 32 60 95 75 33 42 44 60 54 97 32 78 46 66 51 56 37 43 41 83 75 74 72 69 27 40 100 89 100 47 20 96 70 52 39 35 85 69 87 35 51 44 48 29 76 70 86 49 28 44 49 70 58 18 96 62 85 95 96 27 83 87 82 40 48 83 64 56 93 95 70 63 52 99 61 
1 2 2 3 4 6 7 7 7 7 8 9 15 16 18 18 54 81 61 78 56 95 20 21 19 32 60 95 75 33 42 44 60 54 97 32 78 46 66 51 56 37 43 41 83 75 74 72 69 27 40 100 89 100 47 20 96 70 52 39 35 85 69 87 35 51 44 48 29 76 70 86 49 28 44 49 70 58 25 96 62 85 95 96 27 83 87 82 40 48 83 64 56 93 95 70 63 52 99 61 
1 2 2 3 4 6 7 7 7 7 8 9 15 16 18 18 19 81 61 78 56 95 20 21 54 32 60 95 75 33 42 44 60 54 97 32 78 46 66 51 56 37 43 41 83 75 74 72 69 27 40 100 89 100 47 20 96 70 52 39 35 85 69 87 35 51 44 48 29 76 70 86 49 28 44 49 70 58 25 96 62 85 95 96 27 83 87 82 40 48 83 64 56 93 95 70 63 52 99 61 
1 2 2 3 4 6 7 7 7 7 8 9 15 16 18 18 19 20 61 78 56 95 81 21 54 32 60 95 75 33 42 44 60 54 97 32 78 46 66 51 56 37 43 41 83 75 74 72 69 27 40 100 89 100 47 20 96 70 52 39 35 85 69 87 35 51 44 48 29 76 70 86 49 28 44 49 70 58 25 96 62 85 95 96 27 83 87 82 40 48 83 64 56 93 95 70 63 52 99 61 
1 2 2 3 4 6 7 7 7 7 8 9 15 16 18 18 19 20 20 78 56 95 81 21 54 32 60 95 75 33 42 44 60 54 97 32 78 46 66 51 56 37 43 41 83 75 74 72 69 27 40 100 89 100 47 61 96 70 52 39 35 85 69 87 35 51 44 48 29 76 70 86 49 28 44 49 70 58 25 96 62 85 95 96 27 83 87 82 40 48 83 64 56 93 95 70 63 52 99 61 
1 2 2 3 4 6 7 7 7 7 8 9 15 16 18 18 19 20 20 21 56 95 81 78 54 32 60 95 75 33 42 44 60 54 97 32 78 46 66 51 56 37 43 41 83 75 74 72 69 27 40 100 89 100 47 61 96 70 52 39 35 85 69 87 35 51 44 48 29 76 70 86 49 28 44 49 70 58 25 96 62 85 95 96 27 83 87 82 40 48 83 64 56 93 95 70 63 52 99 61 
1 2 2 3 4 6 7 7 7 7 8 9 15 16 18 18 19 20 20 21 25 95 81 78 54 32 60 95 75 33 42 44 60 54 97 32 78 46 66 51 56 37 43 41 83 75 74 72 69 27 40 100 89 100 47 61 96 70 52 39 35 85 69 87 35 51 44 48 29 76 70 86 49 28 44 49 70 58 56 96 62 85 95 96 27 83 87 82 40 48 83 64 56 93 95 70 63 52 99 61 
1 2 2 3 4 6 7 7 7 7 8 9 15 16 18 18 19 20 20 21 25 27 81 78 54 32 60 95 75 33 42 44 60 54 97 32 78 46 66 51 56 37 43 41 83 75 74 72 69 95 40 100 89 100 47 61 96 70 52 39 35 85 69 87 35 51 44 48 29 76 70 86 49 28 44 49 70 58 56 96 62 85 95 96 27 83 87 82 40 48 83 64 56 93 95 70 63 52 99 61 
1 2 2 3 4 6 7 7 7 7 8 9 15 16 18 18 19 20 20 21 25 27 27 78 54 32 60 95 75 33 42 44 60 54 97 32 78 46 66 51 56 37 43 41 83 75 74 72 69 95 40 100 89 100 47 61 96 70 52 39 35 85 69 87 35 51 44 48 29 76 70 86 49 28 44 49 70 58 56 96 62 85 95 96 81 83 87 82 40 48 83 64 56 93 95 70 63 52 99 61 
1 2 2 3 4 6 7 7 7 7 8 9 15 16 18 18 19 20 20 21 25 27 27 28 54 32 60 95 75 33 42 44 60 54 97 32 78 46 66 51 56 37 43 41 83 75 74 72 69 95 40 100 89 100 47 61 96 70 52 39 35 85 69 87 35 51 44 48 29 76 70 86 49 78 44 49 70 58 56 96 62 85 95 96 81 83 87 82 40 48 83 64 56 93 95 70 63 52 99 61 
1 2 2 3 4 6 7 7 7 7 8 9 15 16 18 18 19 20 20 21 25 27 27 28 29 32 60 95 75 33 42 44 60 54 97 32 78 46 66 51 56 37 43 41 83 75 74 72 69 95 40 100 89 100 47 61 96 70 52 39 35 85 69 87 35 51 44 48 54 76 70 86 49 78 44 49 70 58 56 96 62 85 95 96 81 83 87 82 40 48 83 64 56 93 95 70 63 52 99 61 
1 2 2 3 4 6 7 7 7 7 8 9 15 16 18 18 19 20 20 21 25 27 27 28 29 32 32 95 75 33 42 44 60 54 97 60 78 46 66 51 56 37 43 41 83 75 74 72 69 95 40 100 89 100 47 61 96 70 52 39 35 85 69 87 35 51 44 48 54 76 70 86 49 78 44 49 70 58 56 96 62 85 95 96 81 83 87 82 40 48 83 64 56 93 95 70 63 52 99 61 
1 2 2 3 4 6 7 7 7 7 8 9 15 16 18 18 19 20 20 21 25 27 27 28 29 32 32 33 75 95 42 44 60 54 97 60 78 46 66 51 56 37 43 41 83 75 74 72 69 95 40 100 89 100 47 61 96 70 52 39 35 85 69 87 35 51 44 48 54 76 70 86 49 78 44 49 70 58 56 96 62 85 95 96 81 83 87 82 40 48 83 64 56 93 95 70 63 52 99 61 
1 2 2 3 4 6 7 7 7 7 8 9 15 16 18 18 19 20 20 21 25 27 27 28 29 32 32 33 35 95 42 44 60 54 97 60 78 46 66 51 56 37 43 41 83 75 74 72 69 95 40 100 89 100 47 61 96 70 52 39 75 85 69 87 35 51 44 48 54 76 70 86 49 78 44 49 70 58 56 96 62 85 95 96 81 83 87 82 40 48 83 64 56 93 95 70 63 52 99 61 
1 2 2 3 4 6 7 7 7 7 8 9 15 16 18 18 19 20 20 21 25 27 27 28 29 32 32 33 35 35 42 44 60 54 97 60 78 46 66 51 56 37 43 41 83 75 74 72 69 95 40 100 89 100 47 61 96 70 52 39 75 85 69 87 95 51 44 48 54 76 70 86 49 78 44 49 70 58 56 96 62 85 95 96 81 83 87 82 40 48 83 64 56 93 95 70 63 52 99 61 
1 2 2 3 4 6 7 7 7 7 8 9 15 16 18 18 19 20 20 21 25 27 27 28 29 32 32 33 35 35 37 44 60 54 97 60 78 46 66 51 56 42 43 41 83 75 74 72 69 95 40 100 89 100 47 61 96 70 52 39 75 85 69 87 95 51 44 48 54 76 70 86 49 78 44 49 70 58 56 96 62 85 95 96 81 83 87 82 40 48 83 64 56 93 95 70 63 52 99 61 
1 2 2 3 4 6 7 7 7 7 8 9 15 16 18 18 19 20 20 21 25 27 27 28 29 32 32 33 35 35 37 39 60 54 97 60 78 46 66 51 56 42 43 41 83 75 74 72 69 95 40 100 89 100 47 61 96 70 52 44 75 85 69 87 95 51 44 48 54 76 70 86 49 78 44 49 70 58 56 96 62 85 95 96 81 83 87 82 40 48 83 64 56 93 95 70 63 52 99 61 
1 2 2 3 4 6 7 7 7 7 8 9 15 16 18 18 19 20 20 21 25 27 27 28 29 32 32 33 35 35 37 39 40 54 97 60 78 46 66 51 56 42 43 41 83 75 74 72 69 95 60 100 89 100 47 61 96 70 52 44 75 85 69 87 95 51 44 48 54 76 70 86 49 78 44 49 70 58 56 96 62 85 95 96 81 83 87 82 40 48 83 64 56 93 95 70 63 52 99 61 
1 2 2 3 4 6 7 7 7 7 8 9 15 16 18 18 19 20 20 21 25 27 27 28 29 32 32 33 35 35 37 39 40 40 97 60 78 46 66 51 56 42 43 41 83 75 74 72 69 95 60 100 89 100 47 61 96 70 52 44 75 85 69 87 95 51 44 48 54 76 70 86 49 78 44 49 70 58 56 96 62 85 95 96 81 83 87 82 54 48 83 64 56 93 95 70 63 52 99 61 
1 2 2 3 4 6 7 7 7 7 8 9 15 16 18 18 19 20 20 21 25 27 27 28 29 32 32 33 35 35 37 39 40 40 41 60 78 46 66 51 56 42 43 97 83 75 74 72 69 95 60 100 89 100 47 61 96 70 52 44 75 85 69 87 95 51 44 48 54 76 70 86 49 78 44 49 70 58 56 96 62 85 95 96 81 83 87 82 54 48 83 64 56 93 95 70 63 52 99 61 
1 2 2 3 4 6 7 7 7 7 8 9 15 16 18 18 19 20 20 21 25 27 27 28 29 32 32 33 35 35 37 39 40 40 41 42 78 46 66 51 56 60 43 97 83 75 74 72 69 95 60 100 89 100 47 61 96 70 52 44 75 85 69 87 95 51 44 48 54 76 70 86 49 78 44 49 70 58 56 96 62 85 95 96 81 83 87 82 54 48 83 64 56 93 95 70 63 52 99 61 
1 2 2 3 4 6 7 7 7 7 8 9 15 16 18 18 19 20 20 21 25 27 27 28 29 32 32 33 35 35 37 39 40 40 41 42 43 46 66 51 56 60 78 97 83 75 74 72 69 95 60 100 89 100 47 61 96 70 52 44 75 85 69 87 95 51 44 48 54 76 70 86 49 78 44 49 70 58 56 96 62 85 95 96 81 83 87 82 54 48 83 64 56 93 95 70 63 52 99 61 
1 2 2 3 4 6 7 7 7 7 8 9 15 16 18 18 19 20 20 21 25 27 27 28 29 32 32 33 35 35 37 39 40 40 41 42 43 44 66 51 56 60 78 97 83 75 74 72 69 95 60 100 89 100 47 61 96 70 52 46 75 85 69 87 95 51 44 48 54 76 70 86 49 78 44 49 70 58 56 96 62 85 95 96 81 83 87 82 54 48 83 64 56 93 95 70 63 52 99 61 
1 2 2 3 4 6 7 7 7 7 8 9 15 16 18 18 19 20 20 21 25 27 27 28 29 32 32 33 35 35 37 39 40 40 41 42 43 44 44 51 56 60 78 97 83 75 74 72 69 95 60 100 89 100 47 61 96 70 52 46 75 85 69 87 95 51 66 48 54 76 70 86 49 78 44 49 70 58 56 96 62 85 95 96 81 83 87 82 54 48 83 64 56 93 95 70 63 52 99 61 
1 2 2 3 4 6 7 7 7 7 8 9 15 16 18 18 19 20 20 21 25 27 27 28 29 32 32 33 35 35 37 39 40 40 41 42 43 44 44 44 56 60 78 97 83 75 74 72 69 95 60 100 89 100 47 61 96 70 52 46 75 85 69 87 95 51 66 48 54 76 70 86 49 78 51 49 70 58 56 96 62 85 95 96 81 83 87 82 54 48 83 64 56 93 95 70 63 52 99 61 
1 2 2 3 4 6 7 7 7 7 8 9 15 16 18 18 19 20 20 21 25 27 27 28 29 32 32 33 35 35 37 39 40 40 41 42 43 44 44 44 46 60 78 97 83 75 74 72 69 95 60 100 89 100 47 61 96 70 52 56 75 85 69 87 95 51 66 48 54 76 70 86 49 78 51 49 70 58 56 96 62 85 95 96 81 83 87 82 54 48 83 64 56 93 95 70 63 52 99 61 
1 2 2 3 4 6 7 7 7 7 8 9 15 16 18 18 19 20 20 21 25 27 27 28 29 32 32 33 35 35 37 39 40 40 41 42 43 44 44 44 46 47 78 97 83 75 74 72 69 95 60 100 89 100 60 61 96 70 52 56 75 85 69 87 95 51 66 48 54 76 70 86 49 78 51 49 70 58 56 96 62 85 95 96 81 83 87 82 54 48 83 64 56 93 95 70 63 52 99 61 
1 2 2 3 4 6 7 7 7 7 8 9 15 16 18 18 19 20 20 21 25 27 27 28 29 32 32 33 35 35 37 39 40 40 41 42 43 44 44 44 46 47 48 97 83 75 74 72 69 95 60 100 89 100 60 61 96 70 52 56 75 85 69 87 95 51 66 78 54 76 70 86 49 78 51 49 70 58 56 96 62 85 95 96 81 83 87 82 54 48 83 64 56 93 95 70 63 52 99 61 
1 2 2 3 4 6 7 7 7 7 8 9 15 16 18 18 19 20 20 21 25 27 27 28 29 32 32 33 35 35 37 39 40 40 41 42 43 44 44 44 46 47 48 48 83 75 74 72 69 95 60 100 89 100 60 61 96 70 52 56 75 85 69 87 95 51 66 78 54 76 70 86 49 78 51 49 70 58 56 96 62 85 95 96 81 83 87 82 54 97 83 64 56 93 95 70 63 52 99 61 
1 2 2 3 4 6 7 7 7 7 8 9 15 16 18 18 19 20 20 21 25 27 27 28 29 32 32 33 35 35 37 39 40 40 41 42 43 44 44 44 46 47 48 48 49 75 74 72 69 95 60 100 89 100 60 61 96 70 52 56 75 85 69 87 95 51 66 78 54 76 70 86 83 78 51 49 70 58 56 96 62 85 95 96 81 83 87 82 54 97 83 64 56 93 95 70 63 52 99 61 
1 2 2 3 4 6 7 7 7 7 8 9 15 16 18 18 19 20 20 21 25 27 27 28 29 32 32 33 35 35 37 39 40 40 41 42 43 44 44 44 46 47 48 48 49 49 74 72 69 95 60 100 89 100 60 61 96 70 52 56 75 85 69 87 95 51 66 78 54 76 70 86 83 78 51 75 70 58 56 96 62 85 95 96 81 83 87 82 54 97 83 64 56 93 95 70 63 52 99 61 
1 2 2 3 4 6 7 7 7 7 8 9 15 16 18 18 19 20 20 21 25 27 27 28 29 32 32 33 35 35 37 39 40 40 41 42 43 44 44 44 46 47 48 48 49 49 51 72 69 95 60 100 89 100 60 61 96 70 52 56 75 85 69 87 95 74 66 78 54 76 70 86 83 78 51 75 70 58 56 96 62 85 95 96 81 83 87 82 54 97 83 64 56 93 95 70 63 52 99 61 
1 2 2 3 4 6 7 7 7 7 8 9 15 16 18 18 19 20 20 21 25 27 27 28 29 32 32 33 35 35 37 39 40 40 41 42 43 44 44 44 46 47 48 48 49 49 51 51 69 95 60 100 89 100 60 61 96 70 52 56 75 85 69 87 95 74 66 78 54 76 70 86 83 78 72 75 70 58 56 96 62 85 95 96 81 83 87 82 54 97 83 64 56 93 95 70 63 52 99 61 
1 2 2 3 4 6 7 7 7 7 8 9 15 16 18 18 19 20 20 21 25 27 27 28 29 32 32 33 35 35 37 39 40 40 41 42 43 44 44 44 46 47 48 48 49 49 51 51 52 95 60 100 89 100 60 61 96 70 69 56 75 85 69 87 95 74 66 78 54 76 70 86 83 78 72 75 70 58 56 96 62 85 95 96 81 83 87 82 54 97 83 64 56 93 95 70 63 52 99 61 
1 2 2 3 4 6 7 7 7 7 8 9 15 16 18 18 19 20 20 21 25 27 27 28 29 32 32 33 35 35 37 39 40 40 41 42 43 44 44 44 46 47 48 48 49 49 51 51 52 52 60 100 89 100 60 61 96 70 69 56 75 85 69 87 95 74 66 78 54 76 70 86 83 78 72 75 70 58 56 96 62 85 95 96 81 83 87 82 54 97 83 64 56 93 95 70 63 95 99 61 
1 2 2 3 4 6 7 7 7 7 8 9 15 16 18 18 19 20 20 21 25 27 27 28 29 32 32 33 35 35 37 39 40 40 41 42 43 44 44 44 46 47 48 48 49 49 51 51 52 52 54 100 89 100 60 61 96 70 69 56 75 85 69 87 95 74 66 78 60 76 70 86 83 78 72 75 70 58 56 96 62 85 95 96 81 83 87 82 54 97 83 64 56 93 95 70 63 95 99 61 
1 2 2 3 4 6 7 7 7 7 8 9 15 16 18 18 19 20 20 21 25 27 27 28 29 32 32 33 35 35 37 39 40 40 41 42 43 44 44 44 46 47 48 48 49 49 51 51 52 52 54 54 89 100 60 61 96 70 69 56 75 85 69 87 95 74 66 78 60 76 70 86 83 78 72 75 70 58 56 96 62 85 95 96 81 83 87 82 100 97 83 64 56 93 95 70 63 95 99 61 
1 2 2 3 4 6 7 7 7 7 8 9 15 16 18 18 19 20 20 21 25 27 27 28 29 32 32 33 35 35 37 39 40 40 41 42 43 44 44 44 46 47 48 48 49 49 51 51 52 52 54 54 56 100 60 61 96 70 69 89 75 85 69 87 95 74 66 78 60 76 70 86 83 78 72 75 70 58 56 96 62 85 95 96 81 83 87 82 100 97 83 64 56 93 95 70 63 95 99 61 
1 2 2 3 4 6 7 7 7 7 8 9 15 16 18 18 19 20 20 21 25 27 27 28 29 32 32 33 35 35 37 39 40 40 41 42 43 44 44 44 46 47 48 48 49 49 51 51 52 52 54 54 56 56 60 61 96 70 69 89 75 85 69 87 95 74 66 78 60 76 70 86 83 78 72 75 70 58 100 96 62 85 95 96 81 83 87 82 100 97 83 64 56 93 95 70 63 95 99 61 
1 2 2 3 4 6 7 7 7 7 8 9 15 16 18 18 19 20 20 21 25 27 27 28 29 32 32 33 35 35 37 39 40 40 41 42 43 44 44 44 46 47 48 48 49 49 51 51 52 52 54 54 56 56 56 61 96 70 69 89 75 85 69 87 95 74 66 78 60 76 70 86 83 78 72 75 70 58 100 96 62 85 95 96 81 83 87 82 100 97 83 64 60 93 95 70 63 95 99 61 
1 2 2 3 4 6 7 7 7 7 8 9 15 16 18 18 19 20 20 21 25 27 27 28 29 32 32 33 35 35 37 39 40 40 41 42 43 44 44 44 46 47 48 48 49 49 51 51 52 52 54 54 56 56 56 58 96 70 69 89 75 85 69 87 95 74 66 78 60 76 70 86 83 78 72 75 70 61 100 96 62 85 95 96 81 83 87 82 100 97 83 64 60 93 95 70 63 95 99 61 
1 2 2 3 4 6 7 7 7 7 8 9 15 16 18 18 19 20 20 21 25 27 27 28 29 32 32 33 35 35 37 39 40 40 41 42 43 44 44 44 46 47 48 48 49 49 51 51 52 52 54 54 56 56 56 58 60 70 69 89 75 85 69 87 95 74 66 78 96 76 70 86 83 78 72 75 70 61 100 96 62 85 95 96 81 83 87 82 100 97 83 64 60 93 95 70 63 95 99 61 
1 2 2 3 4 6 7 7 7 7 8 9 15 16 18 18 19 20 20 21 25 27 27 28 29 32 32 33 35 35 37 39 40 40 41 42 43 44 44 44 46 47 48 48 49 49 51 51 52 52 54 54 56 56 56 58 60 60 69 89 75 85 69 87 95 74 66 78 96 76 70 86 83 78 72 75 70 61 100 96 62 85 95 96 81 83 87 82 100 97 83 64 70 93 95 70 63 95 99 61 
1 2 2 3 4 6 7 7 7 7 8 9 15 16 18 18 19 20 20 21 25 27 27 28 29 32 32 33 35 35 37 39 40 40 41 42 43 44 44 44 46 47 48 48 49 49 51 51 52 52 54 54 56 56 56 58 60 60 61 89 75 85 69 87 95 74 66 78 96 76 70 86 83 78 72 75 70 69 100 96 62 85 95 96 81 83 87 82 100 97 83 64 70 93 95 70 63 95 99 61 
1 2 2 3 4 6 7 7 7 7 8 9 15 16 18 18 19 20 20 21 25 27 27 28 29 32 32 33 35 35 37 39 40 40 41 42 43 44 44 44 46 47 48 48 49 49 51 51 52 52 54 54 56 56 56 58 60 60 61 61 75 85 69 87 95 74 66 78 96 76 70 86 83 78 72 75 70 69 100 96 62 85 95 96 81 83 87 82 100 97 83 64 70 93 95 70 63 95 99 89 
1 2 2 3 4 6 7 7 7 7 8 9 15 16 18 18 19 20 20 21 25 27 27 28 29 32 32 33 35 35 37 39 40 40 41 42 43 44 44 44 46 47 48 48 49 49 51 51 52 52 54 54 56 56 56 58 60 60 61 61 62 85 69 87 95 74 66 78 96 76 70 86 83 78 72 75 70 69 100 96 75 85 95 96 81 83 87 82 100 97 83 64 70 93 95 70 63 95 99 89 
1 2 2 3 4 6 7 7 7 7 8 9 15 16 18 18 19 20 20 21 25 27 27 28 29 32 32 33 35 35 37 39 40 40 41 42 43 44 44 44 46 47 48 48 49 49 51 51 52 52 54 54 56 56 56 58 60 60 61 61 62 63 69 87 95 74 66 78 96 76 70 86 83 78 72 75 70 69 100 96 75 85 95 96 81 83 87 82 100 97 83 64 70 93 95 70 85 95 99 89 
1 2 2 3 4 6 7 7 7 7 8 9 15 16 18 18 19 20 20 21 25 27 27 28 29 32 32 33 35 35 37 39 40 40 41 42 43 44 44 44 46 47 48 48 49 49 51 51 52 52 54 54 56 56 56 58 60 60 61 61 62 63 64 87 95 74 66 78 96 76 70 86 83 78 72 75 70 69 100 96 75 85 95 96 81 83 87 82 100 97 83 69 70 93 95 70 85 95 99 89 
1 2 2 3 4 6 7 7 7 7 8 9 15 16 18 18 19 20 20 21 25 27 27 28 29 32 32 33 35 35 37 39 40 40 41 42 43 44 44 44 46 47 48 48 49 49 51 51 52 52 54 54 56 56 56 58 60 60 61 61 62 63 64 66 95 74 87 78 96 76 70 86 83 78 72 75 70 69 100 96 75 85 95 96 81 83 87 82 100 97 83 69 70 93 95 70 85 95 99 89 
1 2 2 3 4 6 7 7 7 7 8 9 15 16 18 18 19 20 20 21 25 27 27 28 29 32 32 33 35 35 37 39 40 40 41 42 43 44 44 44 46 47 48 48 49 49 51 51 52 52 54 54 56 56 56 58 60 60 61 61 62 63 64 66 69 74 87 78 96 76 70 86 83 78 72 75 70 95 100 96 75 85 95 96 81 83 87 82 100 97 83 69 70 93 95 70 85 95 99 89 
1 2 2 3 4 6 7 7 7 7 8 9 15 16 18 18 19 20 20 21 25 27 27 28 29 32 32 33 35 35 37 39 40 40 41 42 43 44 44 44 46 47 48 48 49 49 51 51 52 52 54 54 56 56 56 58 60 60 61 61 62 63 64 66 69 69 87 78 96 76 70 86 83 78 72 75 70 95 100 96 75 85 95 96 81 83 87 82 100 97 83 74 70 93 95 70 85 95 99 89 
1 2 2 3 4 6 7 7 7 7 8 9 15 16 18 18 19 20 20 21 25 27 27 28 29 32 32 33 35 35 37 39 40 40 41 42 43 44 44 44 46 47 48 48 49 49 51 51 52 52 54 54 56 56 56 58 60 60 61 61 62 63 64 66 69 69 70 78 96 76 87 86 83 78 72 75 70 95 100 96 75 85 95 96 81 83 87 82 100 97 83 74 70 93 95 70 85 95 99 89 
1 2 2 3 4 6 7 7 7 7 8 9 15 16 18 18 19 20 20 21 25 27 27 28 29 32 32 33 35 35 37 39 40 40 41 42 43 44 44 44 46 47 48 48 49 49 51 51 52 52 54 54 56 56 56 58 60 60 61 61 62 63 64 66 69 69 70 70 96 76 87 86 83 78 72 75 78 95 100 96 75 85 95 96 81 83 87 82 100 97 83 74 70 93 95 70 85 95 99 89 
1 2 2 3 4 6 7 7 7 7 8 9 15 16 18 18 19 20 20 21 25 27 27 28 29 32 32 33 35 35 37 39 40 40 41 42 43 44 44 44 46 47 48 48 49 49 51 51 52 52 54 54 56 56 56 58 60 60 61 61 62 63 64 66 69 69 70 70 70 76 87 86 83 78 72 75 78 95 100 96 75 85 95 96 81 83 87 82 100 97 83 74 96 93 95 70 85 95 99 89 
1 2 2 3 4 6 7 7 7 7 8 9 15 16 18 18 19 20 20 21 25 27 27 28 29 32 32 33 35 35 37 39 40 40 41 42 43 44 44 44 46 47 48 48 49 49 51 51 52 52 54 54 56 56 56 58 60 60 61 61 62 63 64 66 69 69 70 70 70 70 87 86 83 78 72 75 78 95 100 96 75 85 95 96 81 83 87 82 100 97 83 74 96 93 95 76 85 95 99 89 
1 2 2 3 4 6 7 7 7 7 8 9 15 16 18 18 19 20 20 21 25 27 27 28 29 32 32 33 35 35 37 39 40 40 41 42 43 44 44 44 46 47 48 48 49 49 51 51 52 52 54 54 56 56 56 58 60 60 61 61 62 63 64 66 69 69 70 70 70 70 72 86 83 78 87 75 78 95 100 96 75 85 95 96 81 83 87 82 100 97 83 74 96 93 95 76 85 95 99 89 
1 2 2 3 4 6 7 7 7 7 8 9 15 16 18 18 19 20 20 21 25 27 27 28 29 32 32 33 35 35 37 39 40 40 41 42 43 44 44 44 46 47 48 48 49 49 51 51 52 52 54 54 56 56 56 58 60 60 61 61 62 63 64 66 69 69 70 70 70 70 72 74 83 78 87 75 78 95 100 96 75 85 95 96 81 83 87 82 100 97 83 86 96 93 95 76 85 95 99 89 
1 2 2 3 4 6 7 7 7 7 8 9 15 16 18 18 19 20 20 21 25 27 27 28 29 32 32 33 35 35 37 39 40 40 41 42 43 44 44 44 46 47 48 48 49 49 51 51 52 52 54 54 56 56 56 58 60 60 61 61 62 63 64 66 69 69 70 70 70 70 72 74 75 78 87 83 78 95 100 96 75 85 95 96 81 83 87 82 100 97 83 86 96 93 95 76 85 95 99 89 
1 2 2 3 4 6 7 7 7 7 8 9 15 16 18 18 19 20 20 21 25 27 27 28 29 32 32 33 35 35 37 39 40 40 41 42 43 44 44 44 46 47 48 48 49 49 51 51 52 52 54 54 56 56 56 58 60 60 61 61 62 63 64 66 69 69 70 70 70 70 72 74 75 75 87 83 78 95 100 96 78 85 95 96 81 83 87 82 100 97 83 86 96 93 95 76 85 95 99 89 
1 2 2 3 4 6 7 7 7 7 8 9 15 16 18 18 19 20 20 21 25 27 27 28 29 32 32 33 35 35 37 39 40 40 41 42 43 44 44 44 46 47 48 48 49 49 51 51 52 52 54 54 56 56 56 58 60 60 61 61 62 63 64 66 69 69 70 70 70 70 72 74 75 75 76 83 78 95 100 96 78 85 95 96 81 83 87 82 100 97 83 86 96 93 95 87 85 95 99 89 
1 2 2 3 4 6 7 7 7 7 8 9 15 16 18 18 19 20 20 21 25 27 27 28 29 32 32 33 35 35 37 39 40 40 41 42 43 44 44 44 46 47 48 48 49 49 51 51 52 52 54 54 56 56 56 58 60 60 61 61 62 63 64 66 69 69 70 70 70 70 72 74 75 75 76 78 83 95 100 96 78 85 95 96 81 83 87 82 100 97 83 86 96 93 95 87 85 95 99 89 
1 2 2 3 4 6 7 7 7 7 8 9 15 16 18 18 19 20 20 21 25 27 27 28 29 32 32 33 35 35 37 39 40 40 41 42 43 44 44 44 46 47 48 48 49 49 51 51 52 52 54 54 56 56 56 58 60 60 61 61 62 63 64 66 69 69 70 70 70 70 72 74 75 75 76 78 78 95 100 96 83 85 95 96 81 83 87 82 100 97 83 86 96 93 95 87 85 95 99 89 
1 2 2 3 4 6 7 7 7 7 8 9 15 16 18 18 19 20 20 21 25 27 27 28 29 32 32 33 35 35 37 39 40 40 41 42 43 44 44 44 46 47 48 48 49 49 51 51 52 52 54 54 56 56 56 58 60 60 61 61 62 63 64 66 69 69 70 70 70 70 72 74 75 75 76 78 78 81 100 96 83 85 95 96 95 83 87 82 100 97 83 86 96 93 95 87 85 95 99 89 
1 2 2 3 4 6 7 7 7 7 8 9 15 16 18 18 19 20 20 21 25 27 27 28 29 32 32 33 35 35 37 39 40 40 41 42 43 44 44 44 46 47 48 48 49 49 51 51 52 52 54 54 56 56 56 58 60 60 61 61 62 63 64 66 69 69 70 70 70 70 72 74 75 75 76 78 78 81 82 96 83 85 95 96 95 83 87 100 100 97 83 86 96 93 95 87 85 95 99 89 
1 2 2 3 4 6 7 7 7 7 8 9 15 16 18 18 19 20 20 21 25 27 27 28 29 32 32 33 35 35 37 39 40 40 41 42 43 44 44 44 46 47 48 48 49 49 51 51 52 52 54 54 56 56 56 58 60 60 61 61 62 63 64 66 69 69 70 70 70 70 72 74 75 75 76 78 78 81 82 83 96 85 95 96 95 83 87 100 100 97 83 86 96 93 95 87 85 95 99 89 
1 2 2 3 4 6 7 7 7 7 8 9 15 16 18 18 19 20 20 21 25 27 27 28 29 32 32 33 35 35 37 39 40 40 41 42 43 44 44 44 46 47 48 48 49 49 51 51 52 52 54 54 56 56 56 58 60 60 61 61 62 63 64 66 69 69 70 70 70 70 72 74 75 75 76 78 78 81 82 83 83 85 95 96 95 96 87 100 100 97 83 86 96 93 95 87 85 95 99 89 
1 2 2 3 4 6 7 7 7 7 8 9 15 16 18 18 19 20 20 21 25 27 27 28 29 32 32 33 35 35 37 39 40 40 41 42 43 44 44 44 46 47 48 48 49 49 51 51 52 52 54 54 56 56 56 58 60 60 61 61 62 63 64 66 69 69 70 70 70 70 72 74 75 75 76 78 78 81 82 83 83 83 95 96 95 96 87 100 100 97 85 86 96 93 95 87 85 95 99 89 
1 2 2 3 4 6 7 7 7 7 8 9 15 16 18 18 19 20 20 21 25 27 27 28 29 32 32 33 35 35 37 39 40 40 41 42 43 44 44 44 46 47 48 48 49 49 51 51 52 52 54 54 56 56 56 58 60 60 61 61 62 63 64 66 69 69 70 70 70 70 72 74 75 75 76 78 78 81 82 83 83 83 85 96 95 96 87 100 100 97 95 86 96 93 95 87 85 95 99 89 
1 2 2 3 4 6 7 7 7 7 8 9 15 16 18 18 19 20 20 21 25 27 27 28 29 32 32 33 35 35 37 39 40 40 41 42 43 44 44 44 46 47 48 48 49 49 51 51 52 52 54 54 56 56 56 58 60 60 61 61 62 63 64 66 69 69 70 70 70 70 72 74 75 75 76 78 78 81 82 83 83 83 85 85 95 96 87 100 100 97 95 86 96 93 95 87 96 95 99 89 
1 2 2 3 4 6 7 7 7 7 8 9 15 16 18 18 19 20 20 21 25 27 27 28 29 32 32 33 35 35 37 39 40 40 41 42 43 44 44 44 46 47 48 48 49 49 51 51 52 52 54 54 56 56 56 58 60 60 61 61 62 63 64 66 69 69 70 70 70 70 72 74 75 75 76 78 78 81 82 83 83 83 85 85 86 96 87 100 100 97 95 95 96 93 95 87 96 95 99 89 
1 2 2 3 4 6 7 7 7 7 8 9 15 16 18 18 19 20 20 21 25 27 27 28 29 32 32 33 35 35 37 39 40 40 41 42 43 44 44 44 46 47 48 48 49 49 51 51 52 52 54 54 56 56 56 58 60 60 61 61 62 63 64 66 69 69 70 70 70 70 72 74 75 75 76 78 78 81 82 83 83 83 85 85 86 87 96 100 100 97 95 95 96 93 95 87 96 95 99 89 
1 2 2 3 4 6 7 7 7 7 8 9 15 16 18 18 19 20 20 21 25 27 27 28 29 32 32 33 35 35 37 39 40 40 41 42 43 44 44 44 46 47 48 48 49 49 51 51 52 52 54 54 56 56 56 58 60 60 61 61 62 63 64 66 69 69 70 70 70 70 72 74 75 75 76 78 78 81 82 83 83 83 85 85 86 87 87 100 100 97 95 95 96 93 95 96 96 95 99 89 
1 2 2 3 4 6 7 7 7 7 8 9 15 16 18 18 19 20 20 21 25 27 27 28 29 32 32 33 35 35 37 39 40 40 41 42 43 44 44 44 46 47 48 48 49 49 51 51 52 52 54 54 56 56 56 58 60 60 61 61 62 63 64 66 69 69 70 70 70 70 72 74 75 75 76 78 78 81 82 83 83 83 85 85 86 87 87 89 100 97 95 95 96 93 95 96 96 95 99 100 
1 2 2 3 4 6 7 7 7 7 8 9 15 16 18 18 19 20 20 21 25 27 27 28 29 32 32 33 35 35 37 39 40 40 41 42 43 44 44 44 46 47 48 48 49 49 51 51 52 52 54 54 56 56 56 58 60 60 61 61 62 63 64 66 69 69 70 70 70 70 72 74 75 75 76 78 78 81 82 83 83 83 85 85 86 87 87 89 93 97 95 95 96 100 95 96 96 95 99 100 
1 2 2 3 4 6 7 7 7 7 8 9 15 16 18 18 19 20 20 21 25 27 27 28 29 32 32 33 35 35 37 39 40 40 41 42 43 44 44 44 46 47 48 48 49 49 51 51 52 52 54 54 56 56 56 58 60 60 61 61 62 63 64 66 69 69 70 70 70 70 72 74 75 75 76 78 78 81 82 83 83 83 85 85 86 87 87 89 93 95 97 95 96 100 95 96 96 95 99 100 
1 2 2 3 4 6 7 7 7 7 8 9 15 16 18 18 19 20 20 21 25 27 27 28 29 32 32 33 35 35 37 39 40 40 41 42 43 44 44 44 46 47 48 48 49 49 51 51 52 52 54 54 56 56 56 58 60 60 61 61 62 63 64 66 69 69 70 70 70 70 72 74 75 75 76 78 78 81 82 83 83 83 85 85 86 87 87 89 93 95 95 97 96 100 95 96 96 95 99 100 
1 2 2 3 4 6 7 7 7 7 8 9 15 16 18 18 19 20 20 21 25 27 27 28 29 32 32 33 35 35 37 39 40 40 41 42 43 44 44 44 46 47 48 48 49 49 51 51 52 52 54 54 56 56 56 58 60 60 61 61 62 63 64 66 69 69 70 70 70 70 72 74 75 75 76 78 78 81 82 83 83 83 85 85 86 87 87 89 93 95 95 95 96 100 97 96 96 95 99 100 
1 2 2 3 4 6 7 7 7 7 8 9 15 16 18 18 19 20 20 21 25 27 27 28 29 32 32 33 35 35 37 39 40 40 41 42 43 44 44 44 46 47 48 48 49 49 51 51 52 52 54 54 56 56 56 58 60 60 61 61 62 63 64 66 69 69 70 70 70 70 72 74 75 75 76 78 78 81 82 83 83 83 85 85 86 87 87 89 93 95 95 95 95 100 97 96 96 96 99 100 
1 2 2 3 4 6 7 7 7 7 8 9 15 16 18 18 19 20 20 21 25 27 27 28 29 32 32 33 35 35 37 39 40 40 41 42 43 44 44 44 46 47 48 48 49 49 51 51 52 52 54 54 56 56 56 58 60 60 61 61 62 63 64 66 69 69 70 70 70 70 72 74 75 75 76 78 78 81 82 83 83 83 85 85 86 87 87 89 93 95 95 95 95 96 97 100 96 96 99 100 
1 2 2 3 4 6 7 7 7 7 8 9 15 16 18 18 19 20 20 21 25 27 27 28 29 32 32 33 35 35 37 39 40 40 41 42 43 44 44 44 46 47 48 48 49 49 51 51 52 52 54 54 56 56 56 58 60 60 61 61 62 63 64 66 69 69 70 70 70 70 72 74 75 75 76 78 78 81 82 83 83 83 85 85 86 87 87 89 93 95 95 95 95 96 96 100 97 96 99 100 
1 2 2 3 4 6 7 7 7 7 8 9 15 16 18 18 19 20 20 21 25 27 27 28 29 32 32 33 35 35 37 39 40 40 41 42 43 44 44 44 46 47 48 48 49 49 51 51 52 52 54 54 56 56 56 58 60 60 61 61 62 63 64 66 69 69 70 70 70 70 72 74 75 75 76 78 78 81 82 83 83 83 85 85 86 87 87 89 93 95 95 95 95 96 96 96 97 100 99 100 
1 2 2 3 4 6 7 7 7 7 8 9 15 16 18 18 19 20 20 21 25 27 27 28 29 32 32 33 35 35 37 39 40 40 41 42 43 44 44 44 46 47 48 48 49 49 51 51 52 52 54 54 56 56 56 58 60 60 61 61 62 63 64 66 69 69 70 70 70 70 72 74 75 75 76 78 78 81 82 83 83 83 85 85 86 87 87 89 93 95 95 95 95 96 96 96 97 99 100 100 
